4,431
4,1303
4,1592
4,2350
4,2572
4,2860
4,2883
4,3855
4,4569
4,4749
2212,2732
2212,4991
2061,2470
2061,2572
2061,2575
2061,2686
2061,2883
2061,3612
2061,4156
2061,4702
2061,4862
4726,4803
4726,4991
2525,2686
2525,3251
2525,3612
2525,3744
2525,4306
2525,4925
2310,2451
2310,3251
2310,4134
2310,4506
2310,4794
2310,4847
770,1992
770,2711
770,3744
770,4156
770,4306
770,4925
3194,3503
3194,3612
3194,3855
4847,4868
4847,4872
4847,4880
4847,4891
4847,4893
4847,4909
4847,4922
4847,4924
4847,4943
4847,4971
4847,5026
4847,5028
236,431
236,752
236,1440
236,1499
236,1920
236,3059
236,3724
236,4569
236,4620
236,4726
6,648
7,521
7,752
7,2350
7,2686
7,2739
7,3130
7,3639
7,3681
7,4013
7,4726
4730,4749
4730,4922
4730,4939
4730,4971
94,369
94,546
94,602
94,645
94,648
94,664
94,717
94,737
94,752
94,819
94,865
94,1105
94,1131
94,1171
94,1233
94,1238
94,1300
94,1480
94,1540
94,1632
94,1746
94,1816
94,2028
94,2091
94,2094
94,2111
94,2309
94,2575
94,2762
94,2793
94,2820
94,2860
94,2883
94,2983
94,3039
94,3130
94,3134
94,3215
94,3355
94,3384
94,3517
94,3639
94,3742
94,3744
94,3811
94,3903
94,3943
94,4010
94,4156
94,4176
94,4325
94,4492
94,4503
94,4606
94,4730
94,4847
2860,2954
2860,3009
2860,3029
2860,3055
2860,3194
2860,3245
2860,3303
2860,3320
2860,3362
2860,3384
2860,3502
2860,3542
2860,3592
2860,3662
2860,3681
2860,3724
2860,3756
2860,3767
2860,3987
2860,4006
2860,4013
2860,4014
2860,4188
2860,4265
2860,4490
2860,4491
2860,4503
2860,4518
2860,4642
2860,4714
2860,4724
2860,4735
2860,4821
2860,4908
2860,4930
4134,4188
4134,4191
4134,4196
4134,4211
4134,4243
4134,4286
4134,4330
4134,4356
4134,4395
4134,4398
4134,4473
4134,4474
4134,4492
4134,4498
4134,4514
4134,4517
4134,4520
4134,4581
4134,4584
4134,4599
4134,4620
4134,4632
4134,4640
4134,4702
4134,4729
4134,4730
4134,4743
4134,4750
4134,4755
4134,4771
4134,4799
4134,4814
4134,4821
4134,4833
4134,4834
4134,4847
4134,4906
4134,4908
4134,4909
4134,4972
4134,4977
4134,5025
4134,5028
4134,5040
2633,2897
2633,2954
2633,3029
2633,3130
2633,3681
2633,4156
2633,4506
2633,4847
2633,4922
3059,3109
3059,3111
3059,3115
3059,3178
3059,3188
3059,3208
3059,3226
3059,3290
3059,3298
3059,3320
3059,3359
3059,3362
3059,3434
3059,3451
3059,3455
3059,3545
3059,3558
3059,3589
3059,3594
3059,3637
3059,3639
3059,3719
3059,3727
3059,3798
3059,3811
3059,3835
3059,3844
3059,3855
3059,3903
3059,3904
3059,3914
3059,3937
3059,3956
3059,3994
3059,4010
3059,4144
3059,4150
3059,4259
3059,4395
3059,4490
3059,4602
3059,4834
3059,4860
3059,4866
3059,4872
3059,4915
3059,4924
3059,4925
648,654
648,703
648,737
648,829
648,839
648,862
648,874
648,890
648,901
648,927
648,928
648,979
648,982
648,1017
648,1042
648,1049
648,1074
648,1107
648,1128
648,1154
648,1184
648,1186
648,1216
648,1315
648,1341
648,1344
648,1346
648,1395
648,1408
648,1424
648,1440
648,1452
648,1530
648,1536
648,1540
648,1555
648,1582
648,1592
648,1632
648,1638
648,1653
648,1673
648,1709
648,1716
648,1744
648,1746
648,1780
648,1781
648,1812
648,1820
648,1830
648,1872
648,1895
648,1930
648,1952
648,1955
648,1993
648,2042
648,2066
648,2068
648,2089
648,2106
648,2187
648,2221
648,2223
648,2240
648,2251
648,2277
648,2303
648,2314
648,2341
648,2357
648,2364
648,2371
648,2392
648,2407
648,2413
648,2498
648,2508
648,2554
648,2556
648,2625
648,2656
648,2680
648,2711
648,2713
648,2760
648,2762
648,2786
648,2846
648,2860
648,2864
648,2876
648,2895
648,2897
648,2907
648,2942
648,2946
648,2971
648,2980
648,2991
648,2998
648,3039
648,3041
648,3064
648,3115
648,3130
648,3131
648,3134
648,3156
648,3207
648,3220
648,3222
648,3290
648,3303
648,3305
648,3340
648,3359
648,3371
648,3377
648,3384
648,3407
648,3416
648,3471
648,3512
648,3523
648,3542
648,3578
648,3617
648,3637
648,3639
648,3689
648,3724
648,3730
648,3736
648,3771
648,3775
648,3805
648,3811
648,3814
648,3816
648,3831
648,3833
648,3844
648,3852
648,3903
648,3926
648,3938
648,3991
648,4010
648,4035
648,4037
648,4042
648,4054
648,4060
648,4074
648,4076
648,4129
648,4158
648,4186
648,4213
648,4217
648,4221
648,4293
648,4311
648,4348
648,4407
648,4418
648,4432
648,4465
648,4516
648,4526
648,4528
648,4550
648,4553
648,4571
648,4582
648,4599
648,4647
648,4661
648,4698
648,4738
648,4793
648,4803
648,4809
648,4814
648,4824
648,4862
648,4922
648,4925
648,4991
648,4992
648,4995
3434,3798
3434,3841
3434,4049
3434,4259
3434,4432
3434,4569
3434,4620
3434,4706
3434,4724
3434,4743
3434,4749
3434,4775
3434,4809
3434,4862
3434,4991
3130,3177
3130,3185
3130,3218
3130,3247
3130,3305
3130,3308
3130,3358
3130,3367
3130,3370
3130,3407
3130,3436
3130,3454
3130,3459
3130,3512
3130,3523
3130,3525
3130,3528
3130,3561
3130,3578
3130,3592
3130,3600
3130,3603
3130,3611
3130,3662
3130,3674
3130,3675
3130,3687
3130,3721
3130,3727
3130,3744
3130,3820
3130,3855
3130,3862
3130,3903
3130,3904
3130,3940
3130,3943
3130,3963
3130,3964
3130,4009
3130,4023
3130,4042
3130,4053
3130,4059
3130,4079
3130,4095
3130,4105
3130,4127
3130,4132
3130,4164
3130,4166
3130,4221
3130,4259
3130,4330
3130,4379
3130,4382
3130,4402
3130,4492
3130,4495
3130,4506
3130,4526
3130,4528
3130,4550
3130,4553
3130,4632
3130,4662
3130,4684
3130,4709
3130,4724
3130,4727
3130,4735
3130,4738
3130,4775
3130,4787
3130,4793
3130,4794
3130,4810
3130,4811
3130,4818
3130,4827
3130,4842
3130,4872
3130,4891
3130,4906
3130,4908
3130,4922
3130,4925
3130,4930
3130,4974
3130,4991
3130,4995
3130,5016
3130,5028
1872,1900
1872,1952
1872,1993
1872,2052
1872,2066
1872,2068
1872,2106
1872,2129
1872,2203
1872,2309
1872,2370
1872,2618
1872,2625
1872,2746
1872,2866
1872,2897
1872,2942
1872,3003
1872,3060
1872,3134
1872,3201
1872,3202
1872,3245
1872,3305
1872,3320
1872,3325
1872,3340
1872,3384
1872,3441
1872,3452
1872,3466
1872,3526
1872,3542
1872,3612
1872,3725
1872,3727
1872,3756
1872,3835
1872,3904
1872,4132
1872,4273
1872,4306
1872,4432
1872,4490
1872,4553
1872,4704
1872,4706
1872,4724
1872,4868
1872,4908
1872,4971
1872,5024
8,3724
3742,3819
3742,3841
3742,4010
3742,4073
3742,4517
3742,4847
14,4847
3855,3886
3855,3911
3855,3921
3855,3940
3855,3953
3855,4029
3855,4043
3855,4051
3855,4054
3855,4055
3855,4064
3855,4096
3855,4104
3855,4113
3855,4114
3855,4120
3855,4121
3855,4143
3855,4145
3855,4146
3855,4158
3855,4178
3855,4189
3855,4203
3855,4217
3855,4224
3855,4231
3855,4243
3855,4245
3855,4272
3855,4282
3855,4295
3855,4322
3855,4342
3855,4354
3855,4357
3855,4393
3855,4395
3855,4402
3855,4446
3855,4464
3855,4466
3855,4479
3855,4489
3855,4490
3855,4510
3855,4526
3855,4536
3855,4550
3855,4579
3855,4592
3855,4633
3855,4658
3855,4667
3855,4669
3855,4701
3855,4733
3855,4736
3855,4743
3855,4749
3855,4769
3855,4770
3855,4775
3855,4788
3855,4790
3855,4792
3855,4794
3855,4811
3855,4820
3855,4825
3855,4852
3855,4855
3855,4863
3855,4888
3855,4894
3855,4905
3855,4909
3855,4911
3855,4925
3855,4956
3855,4969
3855,4973
3855,4991
3855,4992
3855,5000
3855,5012
3855,5014
3855,5024
3855,5039
15,218
15,648
15,3130
4518,4620
4518,4794
4518,4991
138,1146
138,1796
138,2897
138,4134
16,3855
17,218
17,2032
17,3059
17,3902
17,4991
4862,4868
4862,4891
4862,4915
4862,4925
4862,4930
4862,4971
4862,4977
4862,5022
4862,5038
3724,3733
3724,3746
3724,3760
3724,3763
3724,3770
3724,3811
3724,3820
3724,3822
3724,3823
3724,3829
3724,3855
3724,3861
3724,3873
3724,3902
3724,3908
3724,3937
3724,3964
3724,3980
3724,4001
3724,4005
3724,4006
3724,4009
3724,4014
3724,4038
3724,4044
3724,4055
3724,4068
3724,4082
3724,4120
3724,4129
3724,4144
3724,4176
3724,4194
3724,4238
3724,4253
3724,4265
3724,4286
3724,4298
3724,4299
3724,4326
3724,4340
3724,4342
3724,4362
3724,4407
3724,4450
3724,4520
3724,4526
3724,4528
3724,4532
3724,4575
3724,4579
3724,4582
3724,4583
3724,4585
3724,4624
3724,4642
3724,4667
3724,4673
3724,4706
3724,4714
3724,4753
3724,4761
3724,4770
3724,4771
3724,4786
3724,4814
3724,4816
3724,4828
3724,4847
3724,4913
3724,4939
3724,4969
3724,4991
3724,5038
3724,5041
1440,1501
1440,1531
1440,1555
1440,1579
1440,1609
1440,1618
1440,1667
1440,1673
1440,1706
1440,1746
1440,1751
1440,1760
1440,1785
1440,1900
1440,2052
1440,2157
1440,2176
1440,2204
1440,2484
1440,2508
1440,2618
1440,2735
1440,2746
1440,2846
1440,2860
1440,2939
1440,3007
1440,3041
1440,3078
1440,3111
1440,3130
1440,3201
1440,3245
1440,3251
1440,3276
1440,3325
1440,3358
1440,3436
1440,3467
1440,3503
1440,3660
1440,3674
1440,3705
1440,3743
1440,3744
1440,3752
1440,3756
1440,3765
1440,3835
1440,3963
1440,4006
1440,4255
1440,4263
1440,4352
1440,4356
1440,4398
1440,4402
1440,4455
1440,4515
1440,4526
1440,4553
1440,4620
1440,4631
1440,4632
1440,4868
1440,4926
1440,4972
1440,5000
1440,5028
2032,2058
2032,2080
2032,2091
2032,2094
2032,2106
2032,2155
2032,2175
2032,2178
2032,2185
2032,2226
2032,2245
2032,2303
2032,2322
2032,2350
2032,2376
2032,2406
2032,2416
2032,2465
2032,2498
2032,2680
2032,2691
2032,2705
2032,2742
2032,2820
2032,2860
2032,2866
2032,2964
2032,3059
2032,3121
2032,3180
2032,3185
2032,3194
2032,3222
2032,3246
2032,3251
2032,3294
2032,3362
2032,3370
2032,3446
2032,3466
2032,3526
2032,3593
2032,3612
2032,3639
2032,3742
2032,3756
2032,3790
2032,3841
2032,3861
2032,3911
2032,3927
2032,3940
2032,3975
2032,3987
2032,4023
2032,4064
2032,4188
2032,4309
2032,4340
2032,4514
2032,4571
2032,4631
2032,4642
2032,4724
2032,4741
2032,4855
2032,4908
2032,4924
2032,4925
2032,5024
18,4847
2451,2573
2451,2774
2451,2820
2451,2932
2451,2983
2451,3039
2451,3059
2451,3071
2451,3156
2451,3167
2451,3178
2451,3215
2451,3226
2451,3251
2451,3305
2451,3358
2451,3407
2451,3534
2451,3637
2451,3744
2451,3852
2451,4035
2451,4074
2451,4188
2451,4377
2451,4491
2451,4517
2451,4518
2451,4550
2451,4702
2451,4704
2451,4818
2451,4847
2451,4862
2451,4971
2451,4974
2451,5026
20,648
20,3744
20,4134
1146,1170
1146,1204
1146,1227
1146,1286
1146,1324
1146,1433
1146,1449
1146,1455
1146,1473
1146,1555
1146,1579
1146,1592
1146,1642
1146,1653
1146,1668
1146,1673
1146,1706
1146,1713
1146,1723
1146,1781
1146,1844
1146,1863
1146,1867
1146,1994
1146,2032
1146,2052
1146,2212
1146,2236
1146,2246
1146,2251
1146,2254
1146,2357
1146,2407
1146,2434
1146,2465
1146,2527
1146,2558
1146,2572
1146,2705
1146,2716
1146,2846
1146,2892
1146,2988
1146,3039
1146,3060
1146,3082
1146,3109
1146,3207
1146,3212
1146,3245
1146,3303
1146,3320
1146,3378
1146,3418
1146,3587
1146,3662
1146,3724
1146,3744
1146,3752
1146,3754
1146,3756
1146,3852
1146,3861
1146,3902
1146,3903
1146,3963
1146,4064
1146,4074
1146,4134
1146,4164
1146,4272
1146,4287
1146,4325
1146,4352
1146,4370
1146,4455
1146,4642
1146,4702
1146,4792
1146,4811
1146,4908
1146,4922
1146,5035
2686,2691
2686,2732
2686,2746
2686,2793
2686,2799
2686,2820
2686,2864
2686,2954
2686,2988
2686,3039
2686,3082
2686,3131
2686,3142
2686,3164
2686,3185
2686,3212
2686,3233
2686,3290
2686,3434
2686,3525
2686,3534
2686,3593
2686,3639
2686,3648
2686,3674
2686,3814
2686,3871
2686,3911
2686,3940
2686,3963
2686,4002
2686,4013
2686,4014
2686,4035
2686,4077
2686,4156
2686,4164
2686,4211
2686,4225
2686,4278
2686,4377
2686,4432
2686,4453
2686,4490
2686,4526
2686,4642
2686,4706
2686,4794
2686,4803
2686,4809
2686,4818
2686,4825
2686,4829
2686,4834
2686,4904
2686,5028
2686,5034
2686,5046
23,3855
2250,3130
28,3724
32,752
32,1146
32,1796
32,2032
32,2686
32,4569
32,4847
1259,2572
1259,2883
1259,3251
1259,3503
1259,3744
1259,4569
1259,4862
2575,2705
2575,2706
2575,2711
2575,2743
2575,2746
2575,2836
2575,2845
2575,2876
2575,2936
2575,2937
2575,2947
2575,2954
2575,2958
2575,2983
2575,3054
2575,3120
2575,3222
2575,3290
2575,3313
2575,3455
2575,3534
2575,3603
2575,3624
2575,3655
2575,3733
2575,3744
2575,3770
2575,3811
2575,3814
2575,3820
2575,3831
2575,3841
2575,3859
2575,3943
2575,4023
2575,4049
2575,4176
2575,4243
2575,4278
2575,4317
2575,4490
2575,4520
2575,4529
2575,4606
2575,4700
2575,4773
2575,4803
2575,4811
2575,4818
2575,4891
2575,4906
2575,4925
2575,4971
341,348
341,389
341,521
341,532
341,734
341,763
341,809
341,810
341,899
341,943
341,982
341,1131
341,1229
341,1286
341,1395
341,1573
341,1653
341,1838
341,1993
341,2042
341,2157
341,2293
341,2304
341,2406
341,2487
341,2573
341,2656
341,2711
341,2746
341,2820
341,2860
341,2932
341,2958
341,3030
341,3071
341,3150
341,3183
341,3212
341,3246
341,3303
341,3358
341,3395
341,3441
341,3593
341,3612
341,3639
341,3727
341,3798
341,3811
341,3903
341,4073
341,4141
341,4259
341,4741
341,4829
341,4991
1746,1900
1746,1952
1746,1994
1746,2406
1746,2451
1746,2686
1746,2883
1746,2958
1746,3059
1746,3188
1746,3441
1746,4013
1746,4141
1746,4702
1746,4726
1746,4922
668,2897
668,3855
668,4134
668,4569
668,4620
668,4726
954,2572
954,2575
954,3744
954,4620
36,1395
36,4569
211,1536
40,4847
40,4862
417,1303
417,1395
417,2860
417,3130
417,4134
417,4620
41,648
41,3130
41,3855
1774,3029
1774,3130
1774,4134
350,2732
350,3130
350,3251
350,3503
350,3841
350,4620
350,4726
218,268
218,270
218,274
218,348
218,350
218,353
218,359
218,373
218,417
218,425
218,435
218,517
218,546
218,599
218,613
218,619
218,650
218,653
218,701
218,717
218,786
218,897
218,928
218,936
218,943
218,988
218,1046
218,1105
218,1126
218,1146
218,1148
218,1171
218,1184
218,1194
218,1223
218,1229
218,1259
218,1277
218,1278
218,1285
218,1322
218,1338
218,1341
218,1369
218,1375
218,1440
218,1454
218,1507
218,1512
218,1513
218,1536
218,1546
218,1555
218,1573
218,1583
218,1612
218,1618
218,1646
218,1649
218,1659
218,1668
218,1723
218,1735
218,1751
218,1768
218,1774
218,1785
218,1815
218,1867
218,1885
218,1895
218,1935
218,1968
218,1989
218,1999
218,2007
218,2041
218,2058
218,2089
218,2175
218,2204
218,2212
218,2223
218,2225
218,2245
218,2251
218,2302
218,2310
218,2322
218,2350
218,2358
218,2377
218,2407
218,2416
218,2447
218,2465
218,2473
218,2474
218,2498
218,2534
218,2633
218,2640
218,2706
218,2716
218,2732
218,2733
218,2774
218,2799
218,2815
218,2852
218,2876
218,2877
218,2912
218,2937
218,3029
218,3051
218,3055
218,3112
218,3121
218,3166
218,3177
218,3185
218,3212
218,3222
218,3245
218,3294
218,3301
218,3309
218,3325
218,3379
218,3396
218,3423
218,3432
218,3440
218,3455
218,3512
218,3526
218,3578
218,3593
218,3604
218,3670
218,3677
218,3681
218,3683
218,3742
218,3767
218,3771
218,3798
218,3805
218,3811
218,3819
218,3823
218,3844
218,3846
218,3855
218,3859
218,3889
218,3910
218,3953
218,3958
218,3963
218,4005
218,4132
218,4145
218,4150
218,4154
218,4188
218,4270
218,4278
218,4298
218,4309
218,4310
218,4340
218,4395
218,4418
218,4492
218,4515
218,4520
218,4526
218,4528
218,4571
218,4579
218,4581
218,4591
218,4604
218,4618
218,4620
218,4639
218,4647
218,4660
218,4662
218,4667
218,4684
218,4702
218,4726
218,4738
218,4758
218,4769
218,4805
218,4811
218,4818
218,4860
218,4862
218,4893
218,4903
218,4909
218,4915
218,4925
218,4930
218,4974
218,5000
42,3130
3744,3770
3744,3814
3744,3829
3744,3855
3744,3889
3744,3903
3744,3933
3744,3940
3744,3958
3744,3963
3744,3975
3744,4000
3744,4002
3744,4005
3744,4074
3744,4109
3744,4144
3744,4147
3744,4188
3744,4210
3744,4225
3744,4231
3744,4245
3744,4317
3744,4356
3744,4395
3744,4446
3744,4473
3744,4506
3744,4511
3744,4518
3744,4526
3744,4624
3744,4631
3744,4667
3744,4669
3744,4689
3744,4714
3744,4716
3744,4721
3744,4735
3744,4743
3744,4748
3744,4751
3744,4769
3744,4783
3744,4787
3744,4799
3744,4803
3744,4822
3744,4845
3744,4847
3744,4864
3744,4869
3744,4876
3744,4915
3744,4924
3744,4925
3744,4977
3744,5000
3744,5020
3744,5045
49,341
49,522
49,865
49,1872
49,2304
49,2897
49,3185
49,3251
49,3855
49,3902
49,4156
49,4306
49,4749
49,4794
3029,3121
3029,3167
3029,3207
3029,3212
3029,3246
3029,3305
3029,3367
3029,3378
3029,3407
3029,3418
3029,3452
3029,3504
3029,3525
3029,3545
3029,3670
3029,3681
3029,3727
3029,3767
3029,3798
3029,3814
3029,3841
3029,4006
3029,4014
3029,4176
3029,4287
3029,4309
3029,4340
3029,4518
3029,4719
3029,4748
3029,4758
3029,4818
3029,4827
3029,4829
3029,4856
3029,4862
3029,4872
3029,4908
3029,4940
348,382
348,432
348,439
348,521
348,522
348,648
348,763
348,809
348,812
348,925
348,979
348,1049
348,1087
348,1154
348,1171
348,1208
348,1395
348,1440
348,1473
348,1480
348,1579
348,1608
348,1659
348,1696
348,1740
348,1796
348,2157
348,2181
348,2216
348,2451
348,2618
348,2656
348,2836
348,3039
348,3150
348,3167
348,3180
348,3201
348,3226
348,3362
348,3423
348,3441
348,3517
348,3526
348,3542
348,3554
348,3639
348,3681
348,3725
348,3811
348,3831
348,3911
348,4006
348,4010
348,4038
348,4074
348,4211
348,4265
348,4402
348,4491
348,4492
348,4616
348,4620
348,4662
348,4724
348,4726
348,4730
348,4773
348,4862
348,4893
348,4908
348,4971
348,4974
348,5024
3841,3852
3841,3855
3841,3861
3841,3908
3841,4013
3841,4064
3841,4097
3841,4158
3841,4194
3841,4225
3841,4309
3841,4356
3841,4453
3841,4455
3841,4491
3841,4513
3841,4553
3841,4581
3841,4662
3841,4719
3841,4809
3841,4847
3841,4862
3841,4947
3841,4971
2572,2691
2572,2713
2572,2746
2572,2799
2572,2820
2572,2883
2572,2932
2572,2954
2572,3030
2572,3039
2572,3041
2572,3111
2572,3202
2572,3286
2572,3303
2572,3313
2572,3325
2572,3362
2572,3367
2572,3452
2572,3502
2572,3503
2572,3589
2572,3593
2572,3600
2572,3612
2572,3668
2572,3675
2572,3705
2572,3742
2572,3820
2572,3841
2572,3844
2572,3852
2572,3911
2572,4064
2572,4134
2572,4255
2572,4340
2572,4421
2572,4503
2572,4529
2572,4616
2572,4908
2572,4991
2572,5024
4749,4811
4749,4925
4749,5024
1592,1616
1592,1696
1592,1860
1592,1867
1592,1885
1592,1895
1592,1938
1592,1993
1592,2037
1592,2052
1592,2058
1592,2066
1592,2197
1592,2213
1592,2221
1592,2236
1592,2304
1592,2309
1592,2418
1592,2451
1592,2525
1592,2558
1592,2588
1592,2746
1592,2762
1592,2874
1592,2932
1592,3060
1592,3082
1592,3111
1592,3188
1592,3208
1592,3226
1592,3303
1592,3355
1592,3362
1592,3407
1592,3522
1592,3682
1592,3705
1592,3724
1592,3730
1592,3811
1592,3861
1592,3940
1592,3991
1592,4035
1592,4074
1592,4132
1592,4164
1592,4245
1592,4382
1592,4402
1592,4418
1592,4432
1592,4517
1592,4550
1592,4769
1592,4803
1592,4806
1592,4821
1592,4827
1592,4991
1592,5026
1536,1540
1536,1557
1536,1604
1536,1628
1536,1646
1536,1667
1536,1671
1536,1673
1536,1707
1536,1713
1536,1776
1536,1795
1536,1816
1536,1831
1536,1843
1536,1866
1536,1939
1536,1994
1536,2007
1536,2080
1536,2137
1536,2155
1536,2185
1536,2203
1536,2214
1536,2223
1536,2254
1536,2314
1536,2382
1536,2426
1536,2465
1536,2575
1536,2597
1536,2618
1536,2711
1536,2723
1536,2743
1536,2792
1536,2817
1536,2845
1536,2846
1536,2932
1536,2947
1536,2958
1536,2983
1536,3007
1536,3029
1536,3030
1536,3051
1536,3082
1536,3115
1536,3121
1536,3164
1536,3208
1536,3231
1536,3233
1536,3245
1536,3384
1536,3446
1536,3471
1536,3516
1536,3534
1536,3554
1536,3560
1536,3639
1536,3675
1536,3719
1536,3819
1536,3844
1536,3878
1536,3940
1536,3963
1536,3987
1536,4014
1536,4023
1536,4045
1536,4141
1536,4158
1536,4255
1536,4259
1536,4309
1536,4395
1536,4418
1536,4550
1536,4606
1536,4654
1536,4689
1536,4702
1536,4726
1536,4809
1536,4814
1536,4847
1536,4849
1536,4915
1536,4947
1536,4991
1536,5000
1536,5028
51,648
2291,2575
55,1395
55,1440
55,3744
55,3855
55,4134
1193,1499
1193,2032
1193,2129
1193,2470
1193,2575
1193,2711
1193,3130
1193,3639
1193,3724
1193,3841
1193,4013
1193,4141
1193,4156
1193,4506
1193,4517
1193,4620
1193,4726
1193,4922
3811,3855
3811,4010
3811,4141
3811,4506
3811,4794
3811,4908
3526,3681
3526,3724
3526,3904
3526,3963
3526,4013
3526,4097
3526,4492
3526,4506
3526,4706
3526,4922
1764,4925
1920,2032
1920,2091
1920,2203
1920,2251
1920,2303
1920,2304
1920,2413
1920,2572
1920,2746
1920,2897
1920,2912
1920,2958
1920,3060
1920,3134
1920,3178
1920,3180
1920,3181
1920,3212
1920,3384
1920,3503
1920,3526
1920,3624
1920,3831
1920,3943
1920,4049
1920,4158
1920,4186
1920,4265
1920,4455
1920,4553
1920,4702
1920,4730
1920,4741
1920,4794
1920,4847
1920,5046
61,3029
61,4134
2304,2357
2304,2625
2304,2723
2304,2742
2304,2762
2304,2836
2304,2845
2304,2958
2304,2983
2304,3009
2304,3041
2304,3202
2304,3222
2304,3226
2304,3246
2304,3545
2304,3612
2304,3730
2304,3756
2304,3765
2304,3798
2304,3811
2304,3963
2304,3975
2304,4176
2304,4432
2304,4455
2304,4492
2304,4503
2304,4517
2304,4661
2304,4702
2304,4758
2304,4868
63,94
63,865
63,897
63,1132
63,1229
63,1499
63,1530
63,1816
63,1952
63,1989
63,2129
63,2204
63,2216
63,2470
63,2686
63,2793
63,2954
63,3130
63,3724
63,3744
63,3855
63,3943
63,4073
63,4306
63,4569
63,4726
63,4847
1125,1592
1125,2897
1125,4506
2883,2999
2883,3055
2883,3156
2883,3188
2883,3222
2883,3320
2883,3395
2883,3542
2883,3612
2883,3637
2883,3724
2883,3963
2883,4073
2883,4176
2883,4398
2883,4473
2883,4518
2883,4579
2883,4647
2883,4726
2883,4735
2883,4748
2883,4794
2883,4809
2883,4811
2883,4821
2883,4847
2883,4868
4620,4706
4620,4709
4620,4719
4620,4803
4620,4805
4620,4806
4620,4829
4620,4849
4620,4865
4620,4930
4620,4940
4620,4947
4620,4974
4620,4975
4620,5000
4492,4506
4492,4794
4492,4862
809,1146
809,1395
809,1920
809,2350
809,2739
809,3130
809,3963
809,4134
809,4847
79,218
79,522
79,1146
79,1395
79,1872
79,1900
79,2350
79,2711
79,3130
79,3215
79,3639
79,3724
79,3855
3208,3612
3208,4794
2470,2487
2470,2883
2470,2932
2470,3029
2470,3039
2470,3150
2470,3180
2470,3188
2470,3340
2470,3367
2470,3434
2470,3503
2470,3639
2470,3668
2470,3742
2470,3756
2470,3819
2470,3833
2470,3852
2470,4002
2470,4097
2470,4158
2470,4325
2470,4377
2470,4402
2470,4473
2470,4503
2470,4606
2470,4661
2470,5024
4706,4939
546,933
546,1092
546,1132
546,2052
546,2091
546,2575
546,2686
546,2897
546,2954
546,2958
546,3503
546,3639
546,3668
546,3705
546,3819
546,3841
546,4506
546,4847
752,763
752,839
752,933
752,953
752,954
752,982
752,1170
752,1286
752,1314
752,1315
752,1374
752,1440
752,1455
752,1499
752,1504
752,1530
752,1592
752,1618
752,1659
752,1746
752,1763
752,1816
752,1900
752,1952
752,1992
752,2140
752,2168
752,2175
752,2251
752,2254
752,2304
752,2370
752,2392
752,2484
752,2588
752,2723
752,2864
752,2897
752,3164
752,3264
752,3301
752,3400
752,3492
752,3517
752,3528
752,3554
752,3600
752,3639
752,3724
752,3765
752,3855
752,3908
752,4010
752,4023
752,4074
752,4158
752,4164
752,4176
752,4236
752,4325
752,4418
752,4455
752,4492
752,4503
752,4506
752,4569
752,4702
752,4706
752,4748
752,4829
752,4862
752,4943
752,5024
2087,3130
2087,3855
2087,4156
2087,4749
2087,4794
2087,4862
2052,2061
2052,2091
2052,2176
2052,2204
2052,2293
2052,2406
2052,2426
2052,2487
2052,2498
2052,3030
2052,3215
2052,3367
2052,3742
2052,3798
2052,3943
2052,4038
2052,4306
2052,4492
2052,4506
2052,4518
2052,4526
2052,4775
2052,4809
2052,4971
2052,5024
64,94
64,648
64,1132
64,2032
64,2091
64,3185
64,3612
64,3855
64,3963
1659,1900
1659,2304
1659,2426
1659,2575
1659,2686
1659,2746
1659,2874
1659,2954
1659,3245
1659,3251
1659,3395
1659,3423
1659,3526
1659,3724
1659,3727
1659,3744
1659,4097
1659,4186
1659,4398
1659,4724
1659,4730
1659,4922
3320,4141
3320,4925
3212,3705
3212,4517
3212,4620
3212,4749
3212,4908
3212,4922
65,3724
65,4569
3080,3724
68,3724
68,4569
68,4620
2706,2897
2706,3059
2706,3251
2706,3744
2706,3855
2706,4141
2706,4726
2413,2575
2413,2883
2413,3185
2413,3668
2413,3724
2413,3855
2413,4141
2413,4506
2413,4794
897,899
897,962
897,1227
897,1616
897,1696
897,1785
897,1989
897,2350
897,2406
897,2407
897,2426
897,2470
897,2723
897,2732
897,2746
897,2897
897,3109
897,3245
897,3367
897,3441
897,3526
897,3904
897,4049
897,4259
897,4398
897,4702
929,1536
929,2032
929,3724
929,3744
929,4569
80,333
80,341
80,369
80,521
80,522
80,536
80,545
80,546
80,569
80,648
80,717
80,737
80,1098
80,1395
80,1608
80,1810
80,1989
80,2176
80,2406
80,2897
80,2932
80,2954
80,3039
80,3059
80,3181
80,3185
80,3251
80,3355
80,3681
80,3742
80,3744
80,4002
80,4013
80,4097
80,4134
80,4158
80,4398
80,4503
80,4741
80,4908
80,4922
80,4971
308,1395
308,1536
308,4569
308,4620
3987,4134
3987,4156
3987,4569
3987,4991
4156,4186
4156,4491
4156,4503
4156,4517
4156,4704
4156,4726
4156,4730
4156,4818
4156,4971
4156,4974
2958,3039
2958,3181
2958,3185
2958,3355
2958,3727
2958,3742
2958,3770
2958,3811
2958,3831
2958,3904
2958,3963
2958,3987
2958,4038
2958,4097
2958,4259
2958,4503
2958,4661
2958,4775
2958,4809
2958,4829
2958,5024
763,1440
763,1872
763,1920
763,2032
763,3841
763,4141
763,4922
3134,3367
3134,3902
3134,3943
3134,4010
3134,4097
3134,4473
3134,4706
3134,4939
3134,4991
1194,1796
1194,1900
1194,2451
1194,2860
1194,3029
1194,3503
1194,3612
1194,3681
1194,3855
1194,4306
1194,4517
1194,4908
1194,4991
1107,1592
1107,1616
1107,1920
1107,1992
1107,2052
1107,2129
1107,2451
1107,2470
1107,2739
1107,3185
1107,3668
1107,3744
1107,3943
1107,4010
1107,4569
1107,4847
1107,4925
522,536
522,671
522,809
522,810
522,897
522,943
522,1238
522,1286
522,1430
522,1816
522,1838
522,1900
522,1920
522,1938
522,1952
522,1994
522,2052
522,2094
522,2157
522,2176
522,2293
522,2341
522,2407
522,2625
522,2723
522,2774
522,2836
522,2864
522,2874
522,2883
522,2912
522,2932
522,3059
522,3071
522,3111
522,3150
522,3181
522,3367
522,3517
522,3523
522,3526
522,3534
522,3730
522,3811
522,3855
522,3975
522,3987
522,4134
522,4188
522,4265
522,4455
522,4661
522,4775
522,4849
522,4860
522,4908
120,3855
120,4569
3798,3902
3798,3904
3798,3963
3798,4073
3798,4156
3798,4306
3798,4398
3798,4473
3798,4506
3798,4726
3798,4809
3798,4939
526,670
526,671
526,684
526,829
526,871
526,1303
526,1455
526,1499
526,1555
526,1900
526,2052
526,2204
526,2216
526,2350
526,2575
526,2686
526,2739
526,2883
526,2897
526,2932
526,3526
526,3612
526,3668
526,3819
526,3855
526,3902
526,3904
526,4049
526,4141
526,4473
526,4702
526,4726
526,4922
1763,1785
1763,1796
1763,1810
1763,2106
1763,2140
1763,2176
1763,2216
1763,2407
1763,2487
1763,2874
1763,2954
1763,2958
1763,3181
1763,3188
1763,3355
1763,3367
1763,3434
1763,3441
1763,3811
1763,3943
1763,4013
1763,4097
1763,4134
1763,4306
1763,4503
1763,4706
1763,4724
1763,4726
1763,4794
1763,4847
1763,4971
2854,2897
2854,2938
2854,2954
2854,3059
2854,3109
2854,3180
2854,3181
2854,3188
2854,3434
2854,3819
2854,3841
2854,3902
2854,4073
2854,4097
2854,4569
2854,4620
2854,4706
2854,4743
2854,4775
2854,4818
2854,4908
2854,4925
1512,3855
1512,4620
4517,4706
4517,4811
4517,4847
4517,4893
4517,4991
325,341
325,353
325,526
325,648
325,1092
325,1395
325,1989
325,2406
325,2407
325,2498
325,2575
325,2793
325,2854
325,2883
325,2954
325,3185
325,3423
325,3441
325,3681
325,3705
325,4706
325,4749
325,4922
4515,4620
2732,2817
2732,2820
2732,2883
2732,2954
2732,3029
2732,3051
2732,3130
2732,3150
2732,3171
2732,3180
2732,3194
2732,3256
2732,3362
2732,3423
2732,3441
2732,3523
2732,3526
2732,3545
2732,3560
2732,3624
2732,3637
2732,3724
2732,3811
2732,3841
2732,3975
2732,3991
2732,4014
2732,4023
2732,4049
2732,4196
2732,4259
2732,4273
2732,4278
2732,4402
2732,4491
2732,4684
2732,4695
2732,4775
2732,4806
2732,4862
2732,4908
2732,4939
2732,4940
602,810
602,846
602,897
602,1092
602,1796
602,1994
602,2106
602,2185
602,2216
602,2426
602,2487
602,2739
602,2793
602,2860
602,2954
602,3181
602,3185
602,3251
602,3681
602,3705
602,3852
602,4097
602,4506
602,4706
602,4724
602,4726
602,4862
602,4922
602,4971
814,3744
814,3855
521,522
521,597
521,880
521,925
521,1087
521,1092
521,1107
521,1125
521,1155
521,1194
521,1227
521,1300
521,1315
521,1395
521,1396
521,1455
521,1592
521,1683
521,1706
521,1744
521,1768
521,1778
521,1796
521,1860
521,1885
521,1906
521,1920
521,2057
521,2111
521,2132
521,2140
521,2152
521,2157
521,2168
521,2176
521,2213
521,2245
521,2276
521,2370
521,2398
521,2414
521,2465
521,2588
521,2716
521,2732
521,2746
521,2938
521,2999
521,3009
521,3029
521,3071
521,3171
521,3207
521,3212
521,3286
521,3492
521,3534
521,3542
521,3611
521,3612
521,3831
521,3855
521,3911
521,3940
521,3987
521,4005
521,4049
521,4141
521,4265
521,4272
521,4273
521,4278
521,4287
521,4382
521,4473
521,4517
521,4518
521,4702
521,4847
521,4943
521,5026
3902,3937
3902,3953
3902,3963
3902,4014
3902,4049
3902,4074
3902,4150
3902,4164
3902,4273
3902,4325
3902,4382
3902,4473
3902,4491
3902,4503
3902,4620
3902,4631
3902,4695
3902,4702
3902,4727
3902,4743
3902,4748
3902,4806
3902,4820
3902,4975
302,431
302,614
302,810
302,1530
302,1540
302,1763
302,1816
302,1989
302,2032
302,2221
302,2470
302,2711
302,2883
302,2954
302,3134
302,3423
302,3668
302,3681
302,3705
302,3724
302,4013
302,4097
302,4620
302,4724
302,4847
302,4939
82,1536
1616,1796
1616,1810
1616,1838
1616,1938
1616,1952
1616,2032
1616,2052
1616,2106
1616,2157
1616,2185
1616,2370
1616,2746
1616,2836
1616,2860
1616,2938
1616,2958
1616,3109
1616,3251
1616,3593
1616,3681
1616,3756
1616,3770
1616,3831
1616,3943
1616,4097
1616,4370
1616,4432
1616,4473
1616,4491
1616,4706
1616,4724
1616,4811
1616,4829
1616,4847
1616,4971
1616,4991
83,3130
83,3744
448,3744
448,4862
3441,3503
3441,3727
3441,3742
3441,3744
3441,3798
3441,3831
3441,3855
3441,3963
3441,4035
3441,4186
3441,4370
3441,4377
3441,4606
3441,4702
3441,4743
3441,5024
84,431
84,648
84,865
84,1536
84,3029
84,3059
84,3130
84,3215
84,3251
84,3503
84,3612
84,3855
84,4794
84,4991
3041,3503
3041,3963
3041,4569
3041,4847
604,4134
3469,4620
4002,4492
4002,4726
3298,3612
3298,3744
3298,3902
3298,4847
1895,2686
1895,2732
1895,3902
1895,4134
1895,4620
1895,4991
1449,1952
1449,2185
1449,2572
1449,2711
1449,3434
1449,3668
1449,3681
1449,3705
1449,3855
1449,4073
1449,4908
1692,1992
1692,3130
1692,3724
1692,3855
1692,4847
2487,2498
2487,2958
2487,3251
2487,3367
2487,3612
2487,3798
2487,3819
2487,3852
2487,4002
2487,4035
2487,4049
2487,4073
2487,4141
2487,4259
2487,4370
2487,4506
2487,4702
2487,4706
2487,4971
85,218
85,3059
85,4134
85,4862
1999,3130
1999,3724
89,3855
91,3855
1312,4134
4925,4939
4925,5024
3379,3612
3379,3855
3379,3902
3379,4847
1707,2686
1707,3130
1707,3681
1707,3724
1707,4847
369,521
369,522
369,2204
369,2221
369,2245
369,2350
369,2487
369,2572
369,2958
369,3681
369,4013
369,4134
369,4506
369,4702
369,4706
369,4726
369,4730
369,4749
369,4939
4073,4134
4073,4265
4073,4491
4073,4506
4073,4517
4073,4526
4073,4569
4073,4620
4073,4775
4073,4862
4073,4974
3503,3526
3503,3662
3503,3705
3503,3719
3503,3841
3503,3911
3503,4035
3503,4049
3503,4259
3503,4432
3503,4455
3503,4490
3503,4506
3503,4518
3503,4553
3503,4620
3503,4642
3503,4661
3503,4662
3503,4730
3503,4748
3503,4803
3503,4908
3503,4922
3503,5024
3503,5046
1992,2052
1992,2091
1992,2157
1992,2176
1992,2245
1992,2251
1992,2254
1992,2303
1992,2341
1992,2382
1992,2413
1992,2686
1992,2711
1992,2732
1992,2836
1992,2860
1992,2874
1992,3054
1992,3185
1992,3194
1992,3208
1992,3222
1992,3256
1992,3290
1992,3320
1992,3395
1992,3503
1992,3558
1992,3637
1992,3651
1992,3668
1992,3681
1992,3705
1992,3743
1992,3831
1992,3904
1992,3975
1992,4002
1992,4010
1992,4013
1992,4035
1992,4097
1992,4141
1992,4273
1992,4325
1992,4418
1992,4432
1992,4706
1992,4719
1992,4743
1992,4748
1992,4809
1992,4811
1992,4971
3904,4073
3904,4620
3904,4702
3904,4847
3904,4939
4569,4577
4569,4581
4569,4604
4569,4624
4569,4632
4569,4633
4569,4647
4569,4660
4569,4706
4569,4709
4569,4719
4569,4735
4569,4753
4569,4788
4569,4794
4569,4809
4569,4811
4569,4818
4569,4855
4569,4904
4569,4908
4569,4915
4569,4924
4569,4925
4569,4930
4569,4943
4569,4972
4569,4974
4569,5000
4569,5023
4569,5024
4569,5025
4794,4811
4794,4829
4794,4908
4794,4925
4794,5024
4794,5046
1229,1440
1229,1592
1229,1616
1229,1785
1229,1810
1229,1900
1229,2140
1229,2185
1229,2204
1229,2221
1229,2245
1229,2293
1229,2304
1229,2350
1229,2370
1229,2407
1229,2426
1229,2686
1229,2874
1229,3130
1229,3185
1229,3202
1229,3305
1229,3798
1229,3831
1229,3902
1229,3903
1229,4073
1229,4259
1229,4370
1229,4491
1229,4569
1229,4818
1127,1499
1127,2572
1127,3639
1127,3705
1127,4506
1127,4517
1127,4908
1127,4925
3313,4569
3313,4862
295,353
295,374
295,431
295,521
295,526
295,566
295,569
295,597
295,670
295,810
295,865
295,1430
295,1616
295,1785
295,1816
295,2245
295,2304
295,2413
295,2932
295,2983
295,3109
295,3130
295,3188
295,3305
295,3340
295,3395
295,3639
295,3742
295,3744
295,4035
295,4073
295,4156
295,4259
295,4370
295,4377
295,4432
295,4455
295,4473
295,4491
295,4492
295,4518
295,4829
295,4847
295,4925
737,865
737,1540
737,1763
737,1900
737,1920
737,1992
737,2032
737,2157
737,2204
737,2451
737,2711
737,2732
737,2954
737,2958
737,3188
737,3215
737,3251
737,3423
737,3434
737,3503
737,3612
737,3855
737,3963
4035,4569
4035,4702
4035,4706
4035,4794
4035,4991
1303,1341
1303,1433
1303,1440
1303,1449
1303,1455
1303,1555
1303,1624
1303,1683
1303,1696
1303,1723
1303,1751
1303,1763
1303,1781
1303,1867
1303,1993
1303,2032
1303,2175
1303,2185
1303,2236
1303,2254
1303,2406
1303,2413
1303,2451
1303,2498
1303,2525
1303,2588
1303,2732
1303,2762
1303,2774
1303,2836
1303,2864
1303,2932
1303,2938
1303,3051
1303,3054
1303,3055
1303,3109
1303,3181
1303,3305
1303,3355
1303,3395
1303,3455
1303,3492
1303,3503
1303,3558
1303,3593
1303,3600
1303,3662
1303,3725
1303,3811
1303,3841
1303,3852
1303,3855
1303,3902
1303,3903
1303,4006
1303,4141
1303,4164
1303,4176
1303,4211
1303,4382
1303,4491
1303,4503
1303,4642
1303,4662
1303,4724
1303,4748
1303,4793
1303,4827
1303,4847
1303,4856
1303,4940
1303,4991
1557,1900
1557,2304
1557,2897
1557,3434
1557,3612
1557,3668
1557,3855
1557,4013
1557,4506
1557,4569
1092,1132
1092,1233
1092,1303
1092,1449
1092,1530
1092,1536
1092,1659
1092,1785
1092,1796
1092,1989
1092,2245
1092,2451
1092,2487
1092,2711
1092,2820
1092,2854
1092,2932
1092,2983
1092,3180
1092,3188
1092,3251
1092,3593
1092,3724
1092,3742
1092,3819
1092,3903
1092,3904
1092,3963
1092,4506
1092,4702
1092,4818
1092,4893
1092,4922
374,432
374,522
374,532
374,549
374,569
374,614
374,664
374,670
374,737
374,809
374,839
374,897
374,962
374,1158
374,1193
374,1300
374,1440
374,1473
374,1530
374,1550
374,1608
374,1768
374,1785
374,1810
374,1920
374,1992
374,2061
374,2091
374,2204
374,2221
374,2251
374,2341
374,2350
374,2370
374,2407
374,2451
374,2912
374,3007
374,3039
374,3134
374,3178
374,3202
374,3290
374,3395
374,3526
374,3534
374,3545
374,3668
374,3705
374,4035
374,4049
374,4265
374,4398
374,4432
374,4704
374,4706
374,4726
374,4749
374,4925
374,4939
4306,4398
4306,4455
4306,4503
4306,4569
4306,4704
4306,4726
4306,4730
4306,4809
4306,4811
4306,4829
4306,4862
4306,5026
3129,3855
439,1440
439,2350
439,2732
439,2897
731,1303
731,1440
731,1499
731,2032
731,2350
731,2860
731,3503
731,3681
731,3724
731,3902
731,4010
731,4134
731,4141
731,4749
731,4908
3681,3705
3681,3722
3681,3725
3681,3765
3681,3953
3681,3991
3681,4402
3681,4455
3681,4473
3681,4517
3681,4526
3681,4661
3681,4704
3681,4769
3681,4908
3681,4971
3681,4974
3681,4975
3681,5026
4991,4995
1499,1555
1499,1760
1499,1907
1499,1992
1499,2028
1499,2203
1499,2303
1499,2465
1499,2575
1499,2625
1499,2746
1499,2883
1499,2932
1499,2954
1499,2983
1499,3007
1499,3060
1499,3150
1499,3156
1499,3185
1499,3208
1499,3492
1499,3503
1499,3558
1499,3592
1499,3730
1499,3744
1499,3831
1499,3902
1499,3911
1499,3943
1499,3987
1499,4134
1499,4186
1499,4370
1499,4398
1499,4402
1499,4518
1499,4550
1499,4661
1499,4829
1499,4849
1499,4862
1499,4893
3150,3441
3150,3705
3150,3724
3150,4156
3150,4517
3150,4749
3215,3441
3215,3639
3215,3662
3215,3668
3215,3705
3215,3742
3215,3798
3215,3811
3215,3852
3215,3903
3215,4134
3215,4259
3215,4377
3215,4432
3215,4506
3215,4569
3215,4775
3215,4794
3215,4922
3612,3743
3612,3902
3612,3943
3612,3987
3612,3991
3612,4176
3612,4255
3612,4273
3612,4377
3612,4473
3612,4517
3612,4616
3612,4684
3612,4726
3612,4758
3612,4847
3612,4940
3612,4975
3612,5046
2932,3134
2932,3181
2932,3305
2932,3340
2932,3434
2932,3441
2932,3504
2932,3681
2932,3911
2932,4141
2932,4306
2932,4398
2932,4503
2932,4518
2932,4526
2932,4606
2932,4702
2932,4724
2932,4726
2932,4794
2932,4862
2932,4925
4922,4939
2350,2370
2350,2376
2350,2382
2350,2407
2350,2465
2350,2572
2350,2864
2350,2954
2350,2983
2350,3178
2350,3181
2350,3202
2350,3325
2350,3434
2350,3542
2350,3592
2350,3603
2350,3611
2350,3725
2350,3730
2350,3831
2350,3861
2350,3903
2350,4035
2350,4073
2350,4156
2350,4176
2350,4418
2350,4506
2350,4724
2350,4730
2350,4749
2350,4860
2350,4908
1653,2032
1653,2185
1653,2304
1653,2575
1653,2860
1653,3029
1653,3434
1653,3963
1653,4506
1653,4569
1653,4749
1653,4847
2309,2860
2309,3612
2309,3681
2309,3902
2309,4073
2309,4134
101,648
104,3059
104,3130
104,3744
104,4134
110,648
110,933
110,1087
110,1499
110,2572
110,2575
110,3059
110,3130
110,3724
110,3744
110,4620
110,4847
1696,1746
1696,1785
1696,2129
1696,2185
1696,2350
1696,2575
1696,2711
1696,2739
1696,2854
1696,3059
1696,3109
1696,3181
1696,3668
1696,3681
1696,3727
1696,3744
1696,3904
1696,3963
1696,4097
1696,4455
1696,4506
1696,4730
1696,4847
4661,4794
614,670
614,1049
614,1092
614,1233
614,1550
614,1763
614,1816
614,2129
614,2185
614,2204
614,2216
614,2426
614,2487
614,2793
614,3130
614,3134
614,3245
614,3251
614,3423
614,3593
614,3705
614,4010
614,4097
614,4259
614,4724
614,4922
614,4939
4023,4156
4023,4726
4023,4749
4023,4847
113,3902
113,4569
3833,3943
3833,4306
3833,4925
3833,4991
115,4569
1706,1872
1706,1992
1706,3029
1706,3059
1706,3503
1706,3612
1706,3744
1706,4794
1706,4925
116,4862
118,3744
137,3724
137,4847
119,3744
125,3744
125,4847
126,3855
128,648
128,1146
128,2860
128,3855
128,4134
1171,2032
1171,2572
1171,2686
1171,2739
1171,2897
1171,3251
1171,3724
1171,3841
1171,3902
1171,4010
1171,4141
1171,4156
129,648
129,3724
129,4569
382,431
382,597
382,648
382,752
382,899
382,1796
382,2293
382,2732
382,2739
382,2958
382,4073
382,4134
382,4141
382,4306
382,4517
382,4569
382,4620
382,4702
382,4862
382,4925
132,3902
1513,3855
1513,4862
1723,2032
1723,2350
1723,2451
1723,2897
1723,3251
1723,3681
1723,4620
1723,4908
3471,4991
140,374
140,431
140,1536
140,1592
140,1920
140,1992
140,4141
140,4925
734,1087
734,1132
734,1499
734,1920
734,2304
734,2686
734,2860
734,3612
734,4010
734,4156
734,4620
734,4794
734,4862
734,4925
3167,3503
3167,3963
3167,4847
3167,4991
653,2575
653,3251
653,3744
653,3902
653,4506
151,1440
151,4134
151,4620
151,4847
151,4862
3180,3251
3180,3434
3180,3681
3180,3819
3180,4097
3180,4134
3180,4259
3180,4492
3180,4620
3180,4730
3180,4991
162,1395
162,4862
164,648
164,3855
177,348
177,2897
177,3059
177,4847
1623,3724
1623,3744
1245,1395
1245,3029
1245,4134
1245,4569
181,4847
4809,4847
4809,4908
186,648
186,3744
189,3855
190,648
190,4620
191,218
191,3855
191,4862
192,248
192,431
192,1872
192,2739
192,4306
192,4569
192,4749
645,897
645,933
645,1499
645,1536
645,2487
645,2739
645,2860
645,2958
645,3029
645,3185
645,3251
645,4134
645,4141
645,4306
645,4726
645,4971
645,4991
927,1920
927,2304
927,3215
927,3251
927,3612
927,3639
927,3943
927,4134
927,4702
927,4862
2937,3612
2937,3724
2937,3902
2937,4991
1994,2028
1994,2091
1994,2221
1994,2245
1994,2406
1994,2413
1994,2633
1994,2686
1994,2705
1994,2732
1994,2746
1994,2836
1994,2954
1994,3134
1994,3395
1994,3504
1994,3612
1994,3724
1994,3811
1994,3841
1994,3904
1994,3987
1994,4002
1994,4158
1994,4402
1994,4517
1994,4749
1994,4829
1994,4847
1994,4922
1994,4991
413,3724
413,3855
413,4569
194,218
194,3724
194,4847
197,3744
197,3855
199,3130
201,648
201,4569
2137,2686
2137,3724
2137,3744
203,3744
650,3130
650,3724
650,3841
650,4862
204,3744
204,4134
212,1395
212,2711
212,4847
215,3855
216,3855
216,4134
3305,3639
3305,3943
3305,4073
3305,4506
3305,4569
3305,4702
3305,4862
2465,2860
2465,3029
2465,3681
2465,4620
1395,1432
1395,1449
1395,1455
1395,1501
1395,1540
1395,1557
1395,1562
1395,1589
1395,1592
1395,1596
1395,1668
1395,1686
1395,1700
1395,1763
1395,1768
1395,1830
1395,1894
1395,1895
1395,1900
1395,1907
1395,1968
1395,2057
1395,2094
1395,2132
1395,2171
1395,2276
1395,2303
1395,2406
1395,2413
1395,2509
1395,2512
1395,2575
1395,2587
1395,2588
1395,2706
1395,2716
1395,2760
1395,2874
1395,2877
1395,2964
1395,2983
1395,2999
1395,3062
1395,3069
1395,3112
1395,3178
1395,3188
1395,3215
1395,3226
1395,3362
1395,3517
1395,3600
1395,3612
1395,3681
1395,3721
1395,3724
1395,3727
1395,3743
1395,3767
1395,3841
1395,3855
1395,3864
1395,3963
1395,3975
1395,4006
1395,4049
1395,4064
1395,4097
1395,4158
1395,4176
1395,4291
1395,4295
1395,4309
1395,4311
1395,4491
1395,4553
1395,4581
1395,4647
1395,4773
1395,4811
1395,4814
1395,4818
1395,4856
1395,4865
1395,4866
1395,4872
1395,4940
1395,4971
1395,5000
4352,4620
4352,4847
2897,3003
2897,3033
2897,3041
2897,3134
2897,3150
2897,3180
2897,3181
2897,3290
2897,3303
2897,3418
2897,3441
2897,3492
2897,3528
2897,3593
2897,3600
2897,3611
2897,3651
2897,3662
2897,3725
2897,3744
2897,3852
2897,3903
2897,4035
2897,4134
2897,4265
2897,4309
2897,4453
2897,4503
2897,4517
2897,4553
2897,4569
2897,4706
2897,4724
2897,4730
2897,4975
3245,3423
3245,3441
3245,3724
3245,3819
3245,4010
3245,4259
3245,4569
3245,4749
3245,4939
2625,2686
2625,3059
2625,3612
2625,3855
2625,4141
2625,4506
2625,4620
2625,4726
2625,4847
2625,4922
4503,4620
4503,4726
4503,4794
4503,4847
1684,3130
1684,3612
1684,3744
684,810
684,1592
684,1796
684,1952
684,1989
684,2052
684,2293
684,2487
684,2860
684,3251
684,3441
684,3798
684,3902
684,4134
684,4492
684,4620
684,4702
684,4908
684,4925
684,4971
2743,4134
2743,4569
2743,4847
817,2032
817,2686
817,4620
1208,1303
1208,1536
1208,1555
1208,1992
1208,2406
1208,2498
1208,2739
1208,2793
1208,2820
1208,2883
1208,3639
1208,3724
1208,4141
1208,4908
1208,4939
1208,4971
1208,4991
3452,3724
3452,3744
3452,4134
3452,4141
3452,4517
1480,2304
1480,2686
1480,2954
1480,3059
1480,3215
1480,3855
1480,3963
1480,4013
1480,4794
1816,1992
1816,2304
1816,2407
1816,2426
1816,2705
1816,2732
1816,2897
1816,3130
1816,3134
1816,3181
1816,3188
1816,3423
1816,3612
1816,3841
1816,3904
1816,4134
1816,4455
1816,4517
1816,4569
1816,4971
1816,4991
2374,3855
2374,4620
2374,4847
3558,4569
4211,4306
4211,4620
4211,4794
4211,4862
3670,4134
3670,4569
982,1440
982,1499
982,2575
982,2739
982,3029
982,3215
982,3681
982,4141
982,4847
982,4922
2999,3744
2999,4908
2999,4925
389,933
389,1303
389,1796
389,1872
389,2350
389,3130
389,3503
389,3902
389,4156
389,4569
389,4749
389,4908
3871,4862
2528,4847
1550,1659
1550,1763
1550,1796
1550,1989
1550,2052
1550,2304
1550,2406
1550,2470
1550,2498
1550,2874
1550,2883
1550,3134
1550,3181
1550,3724
1550,3819
1550,4010
1550,4724
1550,4730
1550,4939
2939,3059
2939,3724
2939,3744
2939,3855
2596,4134
2321,3130
2321,4569
1128,1592
1128,3681
1128,4991
3242,3855
4473,4517
4473,4569
4473,4706
4473,4724
4473,4749
4473,4862
4473,4908
4473,4939
1533,1900
1533,2860
1533,3130
1533,3251
1533,3724
1533,4569
1533,4862
4684,4991
3542,4506
3542,4847
1532,3855
1532,4847
3394,3744
458,1440
458,1536
458,1900
458,3503
458,4925
2370,2711
2370,2883
2370,3029
2370,3251
2370,3681
2370,3841
2370,4010
2370,4620
2370,4702
2370,4991
824,3744
824,4847
1530,1616
1530,1659
1530,1746
1530,1763
1530,1785
1530,1816
1530,1838
1530,1920
1530,2140
1530,2175
1530,2293
1530,2413
1530,2498
1530,2633
1530,2723
1530,2746
1530,2793
1530,2860
1530,3305
1530,3340
1530,3367
1530,3434
1530,3668
1530,3742
1530,3811
1530,3833
1530,3855
1530,3911
1530,4156
1530,4176
1530,4370
1530,4432
1530,4569
1530,4620
1530,4893
3226,3612
3226,4010
3226,4141
3226,4156
2223,4620
3943,4023
3943,4073
3943,4259
3943,4325
3943,4370
3943,4377
3943,4702
3943,4704
3943,4758
3943,4829
3943,4862
1199,1440
1199,3902
1199,4862
4719,4726
4719,4925
2739,2774
2739,2845
2739,2932
2739,2938
2739,2958
2739,3185
2739,3492
2739,3526
2739,3528
2739,3668
2739,3744
2739,3798
2739,3855
2739,3903
2739,3911
2739,4038
2739,4134
2739,4156
2739,4211
2739,4306
2739,4325
2739,4503
2739,4606
2739,4706
2739,4743
2739,4847
2739,4862
2739,4939
3185,3188
3185,3251
3185,3395
3185,3492
3185,3528
3185,3624
3185,3902
3185,3943
3185,4013
3185,4134
3185,4156
3185,4265
3185,4398
3185,4620
3185,4661
3185,4724
3185,4730
3185,4749
3185,4775
3185,4809
3185,4818
3185,4925
3185,4974
1900,1938
1900,1989
1900,1994
1900,2094
1900,2129
1900,2161
1900,2251
1900,2426
1900,2487
1900,2705
1900,2713
1900,2762
1900,2836
1900,2854
1900,2897
1900,2932
1900,2999
1900,3007
1900,3009
1900,3029
1900,3082
1900,3150
1900,3245
1900,3246
1900,3320
1900,3395
1900,3452
1900,3528
1900,3592
1900,3612
1900,3719
1900,3841
1900,4134
1900,4211
1900,4370
1900,4418
1900,4506
1900,4661
1900,4818
1900,4821
1900,4849
1900,4860
1900,4971
1900,5026
3407,3681
3407,3855
3407,3902
3407,4134
3407,4517
3407,4569
3407,4847
1273,3744
1273,4847
619,3724
619,3744
3007,3029
3007,3681
3007,3841
3007,3855
3007,4922
3007,4991
874,1992
874,2572
874,3841
874,4726
874,4847
1040,4847
4490,4506
4490,4517
4490,4908
353,431
353,522
353,569
353,597
353,671
353,933
353,962
353,1127
353,1132
353,1336
353,1452
353,1455
353,1536
353,1616
353,1659
353,1696
353,1768
353,1920
353,2028
353,2052
353,2061
353,2157
353,2304
353,2350
353,2426
353,2451
353,2633
353,2739
353,2793
353,2983
353,3029
353,3130
353,3202
353,3251
353,3355
353,3526
353,3727
353,3852
353,3963
353,4010
353,4013
353,4141
353,4370
353,4455
353,4620
353,4991
4432,4749
4432,4908
4259,4724
4259,4730
4259,4749
4259,4991
2762,2860
2762,2883
2762,3029
2762,3724
2762,3744
2762,4073
2762,4134
2762,4569
2762,4726
2506,2686
2506,3029
2506,3902
2506,4134
3940,4134
3940,4620
884,3855
884,4569
884,4847
884,4862
1838,2304
1838,2451
1838,2686
1838,2732
1838,2897
1838,2958
1838,3130
1838,4141
1838,4620
1838,4749
1838,4862
1838,4991
1249,3724
1249,3855
1249,4134
3455,3841
3455,3855
3455,4569
394,1132
394,1900
394,1992
394,2958
394,3251
394,3612
394,3724
394,4010
394,4134
1233,1696
1233,1763
1233,1952
1233,2185
1233,2221
1233,2407
1233,2498
1233,2572
1233,2958
1233,3134
1233,3188
1233,3423
1233,3441
1233,3639
1233,3668
1233,4141
1233,4706
1233,4726
1233,4939
1233,4991
1584,3724
4377,4569
4377,4726
4377,4749
2204,2216
2204,2221
2204,2245
2204,2350
2204,2426
2204,2498
2204,2572
2204,2854
2204,3134
2204,3215
2204,3367
2204,3593
2204,3742
2204,3819
2204,3852
2204,3943
2204,4002
2204,4158
2204,4259
2204,4506
2204,4569
2204,4847
2204,4893
2204,4908
1374,1499
1374,1536
1374,2032
1374,2883
1374,4569
2111,2350
2111,2451
2111,3059
2111,4073
2111,4141
2111,4156
2111,4620
2111,4908
2111,4925
3975,4073
3975,4620
3975,4847
3975,4862
3975,4922
4144,4569
4144,4620
4144,4847
3592,3612
3592,3724
3592,3744
3592,3855
3592,4134
3592,4306
3592,4726
3592,4908
1084,1592
1084,2304
1084,3059
1084,3681
1084,4847
1084,4862
3177,3744
3177,4569
1725,3724
1725,3744
1725,4134
3639,3811
3639,3855
3639,3943
3639,3975
3639,4010
3639,4049
3639,4265
3639,4325
3639,4398
3639,4402
3639,4491
3639,4492
3639,4506
3639,4620
3639,4862
1017,1132
1017,1592
1017,2686
1017,3059
1017,3639
1017,4134
1017,4847
1017,4862
1017,4925
380,3724
380,4620
462,648
462,1592
462,3029
462,4134
462,4620
462,4847
4455,4492
4455,4922
4455,4971
2213,2897
2213,3059
2213,3855
2213,3902
2213,4569
2213,4620
2213,4847
2221,2407
2221,2954
2221,3134
2221,3245
2221,3526
2221,3668
2221,3819
2221,3943
2221,4010
2221,4569
2221,4726
2221,4847
2221,4939
251,3130
251,4569
251,4991
1286,2451
1286,2732
1286,2860
1286,3963
1286,4794
3578,3724
3578,3841
4491,4506
4491,4749
4491,4922
3301,3503
3301,4847
1984,3744
1984,3855
3725,3841
1049,1229
1049,1233
1049,1550
1049,1555
1049,1796
1049,1816
1049,1994
1049,2032
1049,2216
1049,2304
1049,2406
1049,2487
1049,2732
1049,3029
1049,3130
1049,3188
1049,3215
1049,3245
1049,3441
1049,4002
1049,4306
1049,4702
1049,4939
2094,2739
2094,3724
1097,1592
1097,2572
1097,3855
1097,4569
336,348
336,1536
336,1592
336,1796
336,1900
336,2451
336,3029
336,3612
336,3744
336,4847
953,1499
953,1536
953,2091
953,2575
953,2860
953,3185
953,3724
953,3855
953,4134
953,4862
1090,1536
1090,3612
1090,3902
1090,4620
3805,4134
2157,2176
2157,2185
2157,2572
2157,2723
2157,2732
2157,2854
2157,2860
2157,2883
2157,3185
2157,3215
2157,3355
2157,3668
2157,3724
2157,3742
2157,3819
2157,3852
2157,3855
2157,4002
2157,4097
2157,4259
2157,4702
2157,4925
4188,4749
1768,1872
1768,2032
1768,2185
1768,2739
1768,2958
1768,3029
1768,3503
1768,3612
1768,3855
1768,3902
1768,3963
1768,4306
1768,4517
1768,4569
1768,4702
1768,4908
1768,4922
3525,3744
3525,3855
3525,4620
3525,4847
3367,3423
3367,3503
3367,3612
3367,3668
3367,3744
3367,3902
3367,4726
3367,4749
3367,4862
2447,3744
2447,3855
2447,4569
2447,4847
576,1499
576,1592
576,1872
576,1900
576,2032
576,2350
576,2451
576,2711
576,2732
576,3503
576,4794
576,4847
933,982
933,1208
933,1301
933,1536
933,1785
933,1895
933,1913
933,1989
933,2061
933,2129
933,2176
933,2185
933,2203
933,2407
933,2413
933,2426
933,2572
933,2633
933,2686
933,2723
933,2742
933,2820
933,2836
933,2845
933,2860
933,2932
933,2954
933,3055
933,3082
933,3300
933,3362
933,3384
933,3434
933,3456
933,3503
933,3668
933,3681
933,3742
933,3744
933,3765
933,3841
933,3953
933,3987
933,4002
933,4006
933,4073
933,4186
933,4211
933,4306
933,4370
933,4432
933,4662
933,4702
933,4730
933,4741
933,4794
933,4860
933,4893
933,4991
933,5046
964,1440
964,1796
964,1992
964,2575
964,3059
964,3130
964,4847
2817,3130
2817,3724
2817,4847
2817,4991
2322,2350
2322,2451
2322,3724
2322,3744
2322,4620
2322,4908
3624,3724
3624,3744
3624,3963
3682,4620
4014,4569
2760,3841
3997,4569
3997,4620
2416,2575
2416,3059
3507,3724
3507,3744
3507,4569
3507,4620
3507,4847
2964,4847
3844,4134
3844,4569
3054,3681
3054,3724
3054,3841
3054,4569
219,4620
224,648
224,2575
224,2732
224,4506
224,4569
224,4620
224,4862
3835,4134
2988,3855
885,4134
1396,1592
1396,3029
1396,4991
228,2451
228,3029
228,3841
228,3855
228,3963
228,4156
228,4517
228,4749
228,4847
701,1440
701,1499
701,2732
701,3963
701,4073
701,4156
4506,4526
4506,4620
4506,4631
4506,4741
4506,4773
4506,4829
4506,4847
4506,4856
4506,4860
4506,4922
4506,4925
4506,4974
1810,1816
1810,2106
1810,2216
1810,2245
1810,2293
1810,2470
1810,2487
1810,2686
1810,2820
1810,3215
1810,3705
1810,3943
1810,4259
1810,4492
1810,4506
1810,4847
232,1395
232,3902
232,4847
234,3130
234,4847
3685,3724
240,4847
242,521
242,1616
242,1992
242,2091
242,2304
242,2897
242,3059
242,3612
242,3724
242,4010
242,4794
2216,2451
2216,2498
2216,2572
2216,2575
2216,2732
2216,2746
2216,3185
2216,3251
2216,3395
2216,3612
2216,3724
2216,3727
2216,3855
2216,3903
2216,3911
2216,4002
2216,4013
2216,4156
2216,4398
2216,4473
2216,4620
2216,4893
2216,4908
2216,4922
2091,2175
2091,2176
2091,2185
2091,2221
2091,2293
2091,2309
2091,2572
2091,2573
2091,2723
2091,2854
2091,3185
2091,3188
2091,3305
2091,3492
2091,3662
2091,3705
2091,3724
2091,3727
2091,3770
2091,3811
2091,4002
2091,4010
2091,4158
2091,4186
2091,4398
2091,4503
2091,4661
2091,4662
2091,4724
2091,4809
2091,4818
2091,4847
2091,4893
2091,4991
1155,1530
1155,1872
1155,1992
1155,2350
1155,3185
1155,3434
1155,3639
1155,3668
1155,4156
1155,4517
1155,4862
1155,4991
2106,2157
2106,2176
2106,2185
2106,2216
2106,2221
2106,2487
2106,2686
2106,2723
2106,2793
2106,2860
2106,2874
2106,2883
2106,2954
2106,3130
2106,3180
2106,3185
2106,3188
2106,3245
2106,3612
2106,3742
2106,4013
2106,4370
2106,4749
2106,4818
2106,4908
2106,4971
4325,4620
2129,2157
2129,2426
2129,2633
2129,2732
2129,2739
2129,2746
2129,2820
2129,2874
2129,2883
2129,2897
2129,3060
2129,3180
2129,3215
2129,3355
2129,3434
2129,3503
2129,3504
2129,3705
2129,3903
2129,3975
2129,4035
2129,4156
2129,4211
2129,4370
2129,4402
2129,4432
2129,4492
2129,4569
2129,4606
2129,4661
2129,4662
2129,4749
2129,4893
2129,4908
2129,4939
2129,4971
2129,5024
244,3744
248,325
248,333
248,341
248,382
248,389
248,525
248,566
248,645
248,671
248,737
248,899
248,982
248,1017
248,1105
248,1132
248,1155
248,1158
248,1208
248,1238
248,1300
248,1301
248,1303
248,1473
248,1608
248,1653
248,1667
248,1696
248,1952
248,2052
248,2091
248,2106
248,2746
248,2820
248,2854
248,3059
248,3109
248,3130
248,3340
248,3395
248,3423
248,3545
248,3742
248,3819
248,3855
248,3975
248,4023
248,4073
248,4176
248,4259
248,4455
248,4492
248,4569
248,4662
248,4741
248,4829
3668,3681
3668,3756
3668,3811
3668,3841
3668,3902
3668,3903
3668,3943
3668,3963
3668,4013
3668,4176
3668,4259
3668,4398
3668,4402
3668,4491
3668,4620
3668,4662
3668,4726
3668,4741
3251,3305
3251,3517
3251,3730
3251,3819
3251,3831
3251,3852
3251,3903
3251,3975
3251,4073
3251,4134
3251,4141
3251,4156
3251,4306
3251,4398
3251,4418
3251,4503
3251,4726
3251,4735
3251,4741
3251,4893
3251,4908
3251,4971
3251,4995
2820,2932
2820,2938
2820,2954
2820,3029
2820,3215
2820,3441
2820,3705
2820,3724
2820,3727
2820,3963
2820,4049
2820,4073
2820,4134
2820,4370
2820,4398
2820,4432
2820,4455
2820,4506
2820,4702
2820,4724
2820,4726
2820,4749
1555,1659
1555,1796
1555,1816
1555,1994
1555,2091
1555,2407
1555,2470
1555,2793
1555,2883
1555,3109
1555,3130
1555,3215
1555,3423
1555,3434
1555,3503
1555,3526
1555,3668
1555,3705
1555,3852
1555,3943
1555,4013
1555,4073
1555,4134
1555,4569
1555,4620
3963,4492
3963,4503
3963,4506
3963,4661
3963,4726
3963,4743
3963,4811
3963,4922
2426,2451
2426,2739
2426,2854
2426,3841
2426,4259
2426,4506
2426,4620
2426,4702
2426,4706
2426,4862
2426,4922
2426,4939
2954,3150
2954,3185
2954,3251
2954,3831
2954,3911
2954,4013
2954,4049
2954,4402
2954,4503
2954,4506
2954,4620
2954,4893
2954,4925
2954,4971
3395,3744
3395,3855
3395,3902
3395,4010
3395,4013
3395,4097
3395,4306
3395,4702
3395,4847
1796,1827
1796,1867
1796,1895
1796,1989
1796,2087
1796,2129
1796,2185
1796,2212
1796,2545
1796,2705
1796,2735
1796,2746
1796,2793
1796,2836
1796,2947
1796,3130
1796,3167
1796,3171
1796,3241
1796,3286
1796,3298
1796,3303
1796,3355
1796,3434
1796,3471
1796,3578
1796,3639
1796,3655
1796,3668
1796,3681
1796,3705
1796,3719
1796,3722
1796,3765
1796,3820
1796,3911
1796,3963
1796,3975
1796,4007
1796,4013
1796,4097
1796,4211
1796,4236
1796,4317
1796,4340
1796,4455
1796,4518
1796,4606
1796,4719
1796,4724
1796,4727
1796,4730
1796,4806
1796,4811
1796,4821
1796,4922
1796,5046
2406,2451
2406,2793
2406,2854
2406,3188
2406,3434
2406,3441
2406,3727
2406,3841
2406,4002
2406,4035
2406,4134
2406,4259
2406,4492
2406,4569
2406,4794
2245,2293
2245,2451
2245,2739
2245,2854
2245,2958
2245,3029
2245,3059
2245,3188
2245,3423
2245,3681
2245,4097
2245,4306
2245,4517
2245,4847
2245,4922
2245,4925
2245,4939
3554,3681
3554,3902
4013,4156
4013,4432
4013,4503
4013,4569
4013,4606
4013,4661
4013,4704
4013,4706
4013,4925
4013,4939
4013,4971
4013,5024
4702,4706
4702,4741
4702,4743
4702,4829
4702,5024
1158,1229
1158,1233
1158,1314
1158,1536
1158,1616
1158,2932
1158,2954
1158,2958
1158,3185
1158,3188
1158,3434
1158,3526
1158,3593
1158,3639
1158,3668
1158,3744
1158,4002
1158,4035
1158,4097
1158,4724
1158,4730
1158,4749
1158,4847
1158,4939
1158,4991
3423,3545
3423,3798
3423,3903
3423,3963
3423,4002
3423,4010
3423,4134
3423,4259
3423,4455
3423,4473
3423,4492
3423,4743
3423,4809
3423,4971
4141,4186
4141,4188
4141,4211
4141,4265
4141,4925
899,1098
899,1158
899,1285
899,1300
899,1314
899,1449
899,1473
899,1589
899,1659
899,1872
899,1994
899,2052
899,2091
899,2157
899,2245
899,2406
899,2413
899,2426
899,2793
899,2883
899,3109
899,3134
899,3668
899,3705
899,3855
899,3903
899,3911
899,4013
899,4377
899,4402
899,4432
899,4455
899,4503
899,4506
899,4569
899,4743
899,4893
2746,2958
2746,3059
2746,3181
2746,3526
2746,3639
2746,3963
871,897
871,1229
871,1872
871,1920
871,1989
871,2106
871,2204
871,2426
871,2470
871,2498
871,2572
871,2732
871,3181
871,3188
871,3434
871,3744
871,3841
871,3852
871,4073
871,4259
871,4506
871,4706
871,4726
871,4847
871,4939
871,4991
1579,1796
1579,3503
1579,3724
1579,4991
3852,3855
3852,3902
3852,3943
3852,4013
3852,4035
3852,4097
3852,4156
3852,4306
3852,4455
3852,4506
3852,4749
3852,4971
2185,2293
2185,2350
2185,2451
2185,2487
2185,2732
2185,2746
2185,2860
2185,3180
2185,3384
2185,3423
2185,3434
2185,3503
2185,3545
2185,3756
2185,3798
2185,3811
2185,3902
2185,3943
2185,4156
2185,4306
2185,4491
2185,4794
2185,4939
2185,5024
1785,1872
1785,1992
1785,2052
1785,2129
1785,2958
1785,3526
1785,3724
1785,3819
1785,3852
1785,4141
1785,4706
1785,4724
431,440
431,569
431,576
431,645
431,664
431,684
431,927
431,982
431,1087
431,1131
431,1238
431,1430
431,1449
431,1530
431,1540
431,1589
431,1616
431,1768
431,1827
431,1920
431,2091
431,2094
431,2157
431,2203
431,2221
431,2303
431,2304
431,2310
431,2413
431,2487
431,2545
431,2656
431,2723
431,2739
431,2774
431,2820
431,2938
431,2958
431,3030
431,3111
431,3130
431,3134
431,3180
431,3202
431,3215
431,3251
431,3303
431,3384
431,3400
431,3592
431,3756
431,3991
431,4005
431,4073
431,4097
431,4265
431,4503
431,4726
431,4803
431,4974
865,982
865,1092
865,1098
865,1229
865,1300
865,1480
865,1557
865,1573
865,1667
865,1763
865,1768
865,1796
865,1952
865,2140
865,2157
865,2245
865,2304
865,2341
865,2406
865,2572
865,2705
865,2711
865,2820
865,2874
865,2938
865,2983
865,3130
865,3215
865,3222
865,3245
865,3434
865,3662
865,3744
865,3798
865,3811
865,3841
865,3852
865,3911
865,4049
865,4158
865,4186
865,4370
865,4398
865,4606
865,4704
865,4847
1387,3724
252,648
252,4847
1673,2129
1673,2451
1673,3612
1673,3639
1673,3681
1673,3744
1673,3855
1673,4010
1673,4073
1673,4517
1673,4620
3082,4620
3082,4908
254,3724
255,1440
255,1592
255,1992
255,3130
255,3744
255,4847
255,4862
304,348
304,933
304,2032
304,2575
304,2711
304,2883
304,3744
304,4306
304,4908
3770,3855
3770,3943
3770,4794
2236,2572
2236,3681
2236,3744
2236,3855
2236,3902
2236,4749
2236,4794
2236,4925
256,1395
256,4569
256,4847
839,1536
839,1920
839,1992
839,2185
839,3029
839,3130
839,3724
839,4141
839,4862
839,4922
257,648
257,1440
257,2572
257,3724
257,3902
257,4847
259,4569
4553,4569
268,4569
270,521
270,752
270,1920
270,1992
270,2732
270,2739
270,2860
270,3612
270,3943
270,4141
270,4569
270,4620
270,4922
4370,4749
4370,4847
4006,4506
4006,4726
4006,4908
274,648
279,3724
287,4620
289,1536
289,3130
289,3724
289,3855
1846,3724
3534,3681
3534,3744
3534,3943
3534,4794
2498,2686
2498,2793
2498,3188
2498,3902
2498,3963
2498,4002
2498,4035
2498,4073
2498,4492
2498,4517
2498,4569
2498,4702
2498,4724
4382,4620
4382,4847
3109,3130
3109,3423
3109,3441
3109,3639
3109,3681
3109,3798
3109,3943
3109,4073
3109,4306
3109,4569
3109,4724
3109,4730
3109,4847
3109,4971
1098,1146
1098,1395
1098,1989
1098,2052
1098,2106
1098,2129
1098,2204
1098,2487
1098,2711
1098,2897
1098,3188
1098,3434
1098,3668
1098,3855
1098,4013
1098,4073
1098,4492
1098,4726
1098,4922
3911,3943
3911,4013
3911,4134
3911,4141
3911,4908
3911,4922
1993,2350
1993,2451
1993,2686
1993,2897
1993,3185
1993,3503
597,614
597,684
597,919
597,1227
597,1314
597,1653
597,1659
597,1989
597,1992
597,1994
597,2028
597,2245
597,2304
597,2413
597,2451
597,2487
597,2633
597,2711
597,2746
597,2883
597,3029
597,3134
597,3215
597,3245
597,3340
597,3355
597,3395
597,3441
597,3526
597,3612
597,3798
597,3811
597,3831
597,3852
597,3904
597,4134
597,4156
597,4158
597,4455
597,4503
597,4526
597,4702
597,5024
3645,3724
3645,4134
3705,3727
3705,3742
3705,3744
3705,3756
3705,3819
3705,3833
3705,3841
3705,4049
3705,4158
3705,4176
3705,4325
3705,4491
3705,4517
3705,4518
3705,4809
1989,2028
1989,2129
1989,2216
1989,2406
1989,2470
1989,2711
1989,2958
1989,3029
1989,3130
1989,3545
1989,3705
1989,3727
1989,3742
1989,3855
1989,3902
1989,4156
1989,4306
1989,4492
1989,4517
1989,4569
1989,4706
1989,4743
1989,4893
1989,4922
1989,4991
2711,2774
2711,2845
2711,2854
2711,2874
2711,2932
2711,2938
2711,2958
2711,3029
2711,3051
2711,3055
2711,3082
2711,3121
2711,3156
2711,3305
2711,3395
2711,3492
2711,3504
2711,3528
2711,3558
2711,3624
2711,3668
2711,3811
2711,3819
2711,3833
2711,3841
2711,3987
2711,3991
2711,4038
2711,4073
2711,4132
2711,4158
2711,4176
2711,4377
2711,4506
2711,4550
2711,4579
2711,4741
2711,4749
2711,4758
2711,4922
2711,4939
2711,5024
2711,5046
298,3130
298,4134
299,3855
299,4134
299,4569
2709,3130
2709,3724
2709,3744
300,2572
1403,4847
1403,4862
717,897
717,933
717,1530
717,1659
717,1796
717,1900
717,2106
717,2157
717,2470
717,2498
717,2793
717,2820
717,2932
717,2954
717,3215
717,4492
717,4569
717,4620
717,4706
717,4724
717,4794
717,4991
2168,2350
2168,3059
2168,4506
2168,4620
2168,4726
3593,3724
3593,3855
3593,4517
3593,4706
3593,4749
3593,4794
4186,4492
4186,4517
4186,4862
4186,4925
1300,1530
1300,1952
1300,2032
1300,2052
1300,2091
1300,2350
1300,2575
1300,2739
1300,2854
1300,3059
1300,3503
1300,3744
1300,4134
1300,4141
1300,4306
1300,4991
1314,1440
1314,1536
1314,1540
1314,1796
1314,1810
1314,1900
1314,1952
1314,2032
1314,2052
1314,2129
1314,2245
1314,2293
1314,2350
1314,2572
1314,2705
1314,2732
1314,2746
1314,3059
1314,3181
1314,3188
1314,3215
1314,3441
1314,3855
1314,3943
1314,4097
1314,4473
1314,4517
1314,4794
1314,4847
1314,4893
1314,4971
1132,1146
1132,1155
1132,1171
1132,1285
1132,1301
1132,1314
1132,1449
1132,1536
1132,1653
1132,1746
1132,1763
1132,1872
1132,1994
1132,2161
1132,2176
1132,2370
1132,2413
1132,2451
1132,2746
1132,2860
1132,2883
1132,3030
1132,3150
1132,3202
1132,3208
1132,3215
1132,3303
1132,3305
1132,3384
1132,3492
1132,3526
1132,3593
1132,3770
1132,3911
1132,4002
1132,4023
1132,4038
1132,4049
1132,4370
1132,4377
1132,4402
1132,4455
1132,4818
1132,4971
2176,2820
2176,3130
2176,3902
2176,4010
2176,4492
2176,4702
303,1440
303,2686
303,3059
303,3724
303,4134
303,4620
574,3130
340,3059
340,3744
340,4134
340,4862
1346,3744
1646,3855
311,1146
311,1440
311,3503
319,353
319,597
319,1530
319,1900
319,2732
319,2932
319,3215
319,4306
319,4517
4010,4097
4010,4370
4010,4398
4010,4473
4010,4569
4010,4606
4010,4724
4010,4809
4010,4829
4010,4862
4010,4908
4010,4922
4010,4991
4010,5024
320,1536
3401,3744
4176,4517
4176,4862
3774,4569
3774,4862
1363,1395
1363,1796
1363,2129
1363,2304
1363,2732
1363,2739
1363,2883
1363,3215
1363,4134
1363,4517
1363,4749
357,431
357,545
357,810
357,865
357,897
357,933
357,1087
357,1158
357,1696
357,1872
357,2052
357,2091
357,2185
357,2216
357,2350
357,2407
357,2451
357,2820
357,3059
357,3130
357,3423
357,3441
357,3526
357,3744
357,3841
357,3855
357,4971
331,3744
333,374
333,597
333,1900
333,1920
333,1952
333,2052
333,2451
333,2739
333,3130
333,3185
333,3188
333,4794
333,4847
333,4908
3188,3305
3188,3434
3188,3441
3188,3798
3188,3819
3188,3855
3188,3903
3188,3904
3188,4097
3188,4730
3188,4818
3188,4908
3188,5024
1285,1659
1285,2052
1285,2129
1285,2157
1285,2204
1285,2470
1285,2686
1285,2732
1285,2954
1285,3215
1285,3612
1285,3963
1285,4492
1285,4730
1285,4749
3303,3744
3303,3855
3303,4569
3303,4620
3303,4991
339,3855
339,4569
2900,3855
4606,4749
1618,1796
1618,3681
3560,4847
507,521
507,1303
507,1872
507,2032
507,2575
507,2860
507,3130
507,3724
507,3902
507,4620
507,4862
507,4991
793,3130
793,3855
793,3902
793,4134
2618,2860
2618,3130
2618,3902
2618,4847
2618,4862
2618,4925
670,810
670,871
670,1049
670,1229
670,1659
670,1952
670,2185
670,2221
670,2498
670,2739
670,2854
670,3134
670,3526
670,3744
670,3943
670,4002
670,4073
670,4569
670,4726
670,4730
670,4862
670,4939
670,4971
2066,3724
2066,4134
2066,4569
2066,4925
344,4134
345,1395
345,3855
1645,3744
1645,3841
1645,3855
346,3855
3164,3612
3164,3744
3164,4847
2867,3724
3567,3724
3103,3855
3103,4991
2895,4862
2895,4991
2691,3251
2691,3902
474,4134
661,1395
661,3744
661,4862
2545,2572
2545,2575
2545,2883
2545,3029
2545,4908
4735,4925
359,1395
359,3855
359,4847
2699,3724
2699,4847
1428,3855
3325,4141
3325,4156
3325,4306
3325,4569
2141,3130
2141,3855
3908,4620
3908,4847
849,1146
849,1796
849,3681
849,4862
2314,4620
2041,2686
1933,3130
1933,4847
2410,3744
2987,3724
2987,4134
2987,4569
4265,4306
4265,4517
4265,4908
1905,3724
1905,3744
2418,3724
3927,4862
2226,3724
1939,2575
1939,2686
1939,3724
1939,3841
1939,4134
349,4134
4579,4847
1885,3855
1885,3902
1519,2732
1519,3029
1519,3130
1519,3681
1519,4847
3201,4847
3201,4991
3294,3724
3294,3841
3819,3841
3819,3904
3819,3911
3819,4002
3819,4141
3819,4158
3819,4259
3819,4432
3819,4517
3819,4730
3819,4794
3819,4809
3819,4847
1582,1796
1582,4134
1582,4847
3358,3612
3358,4156
3358,4925
1794,2572
1794,3059
1794,3855
1794,4134
3903,4010
3903,4073
3903,4156
3903,4306
3903,4492
3903,4847
3256,3503
3256,3841
3256,3855
2369,4134
2369,4847
1583,3902
1583,4862
356,2575
356,2686
2028,2091
2028,2739
2028,3251
2028,3639
2028,4134
2028,4506
2028,4702
2028,4726
2028,4749
2028,4847
3991,4073
3991,4620
3991,4908
3991,4925
3823,4569
703,1536
703,3841
703,3855
703,4726
364,1536
364,3724
364,4862
2152,2732
2152,3612
2152,4620
2152,4847
766,4134
367,4134
4038,4620
4038,4702
370,1440
370,3744
370,4847
373,3059
373,3841
373,4506
373,4569
671,865
671,897
671,933
671,1229
671,1395
671,1816
671,1900
671,1920
671,2406
671,2407
671,2470
671,2854
671,2860
671,2883
671,2897
671,3130
671,3251
671,3423
671,3441
671,3681
671,3855
671,3963
671,4013
671,4156
671,4306
671,4925
671,4971
1540,1555
1540,1816
1540,1952
1540,1994
1540,2091
1540,2106
1540,2221
1540,2245
1540,2407
1540,2487
1540,2498
1540,2746
1540,2793
1540,2854
1540,2860
1540,3134
1540,3181
1540,3395
1540,3798
1540,3819
1540,3852
1540,4002
1540,4073
1540,4097
1540,4306
1540,4492
1540,4620
1540,4724
1540,4908
1540,4922
3181,3423
3181,3612
3181,3724
3181,3841
3181,3904
3181,3963
3181,4010
3181,4035
3181,4073
3181,4097
3181,4259
3181,4473
3181,4749
3181,4991
4049,4097
4049,4794
4049,4922
1087,1105
1087,1107
1087,1154
1087,1155
1087,1193
1087,1238
1087,1263
1087,1301
1087,1455
1087,1480
1087,1499
1087,1550
1087,1557
1087,1616
1087,1653
1087,1746
1087,1785
1087,1872
1087,2176
1087,2245
1087,2251
1087,2293
1087,2304
1087,2309
1087,2370
1087,2487
1087,2762
1087,2999
1087,3060
1087,3082
1087,3167
1087,3305
1087,3320
1087,3325
1087,3354
1087,3517
1087,3705
1087,3724
1087,3770
1087,3811
1087,3819
1087,3902
1087,4002
1087,4259
1087,4265
1087,4306
1087,4490
1087,4526
1087,4662
1087,4726
1087,4749
1087,4775
1087,4794
1087,4803
1087,4829
1087,4893
1087,4922
566,752
566,1146
566,1763
566,2575
566,2732
566,2932
566,3251
566,3434
566,3503
566,3724
566,3902
566,3943
566,3963
566,4134
566,4620
566,4726
566,4749
378,3744
1732,4569
3384,3612
3384,3639
3384,3855
3384,4013
3384,4749
3384,4794
3384,4847
384,3059
384,3855
4398,4517
4398,4702
385,3855
388,648
388,1395
388,2860
388,3681
388,4569
1867,2032
1867,2350
1867,4726
1867,4908
1424,1536
1424,3855
1780,1796
1780,1992
1780,3059
1780,3681
1780,3855
1780,4925
1780,4991
392,4620
392,4847
3355,3681
3355,4013
3355,4073
3355,4134
3355,4492
3355,4517
3355,4569
3355,4794
3355,4862
3355,4908
3355,4925
3355,4991
2784,3724
395,3724
395,3855
397,3744
1751,2897
1751,3251
1751,4306
1751,4517
1751,4794
1751,4847
399,3744
2716,4726
2716,4862
404,3724
2251,2575
2251,2686
2251,4141
408,3855
409,3855
4077,4620
4077,4862
411,4134
1649,2711
1649,3029
1649,3744
1649,3855
1649,3902
1649,4620
415,3130
415,3724
2946,4569
2946,4847
420,3855
421,4620
421,4847
767,1132
767,2739
767,2860
767,3503
767,4073
767,4306
767,4847
425,4847
1672,4134
428,4134
428,4569
430,3059
430,4847
1820,3130
1820,3902
1820,4134
1820,4991
2723,2793
2723,3639
2723,3668
2723,3681
2723,3798
2723,4134
2723,4726
2723,4862
2723,4908
2874,2958
2874,3134
2874,3185
2874,3245
2874,3526
2874,3612
2874,3841
2874,3852
2874,4002
2874,4620
2874,4702
2874,4925
2874,4939
812,1440
812,1796
812,1920
812,2350
812,2897
812,3503
812,3855
812,4620
812,4862
1952,2157
1952,2185
1952,2293
1952,2304
1952,2350
1952,2406
1952,2407
1952,2470
1952,2633
1952,2820
1952,2938
1952,3039
1952,3060
1952,3130
1952,3150
1952,3181
1952,3185
1952,3222
1952,3367
1952,3492
1952,3593
1952,3639
1952,3770
1952,3819
1952,4035
1952,4134
1952,4141
1952,4503
1952,4569
1952,4661
1952,4749
1952,4922
2175,3855
2175,4620
2175,4847
2407,2413
2407,2723
2407,2793
2407,2954
2407,3029
2407,3185
2407,3188
2407,3202
2407,3395
2407,3441
2407,3526
2407,3545
2407,3943
2407,3963
2407,4013
2407,4141
2407,4606
2407,4847
2407,4991
2357,2572
2357,3744
2357,4620
1760,1796
1760,1872
1760,2350
1760,2575
1760,3130
1760,4569
1760,4847
1455,1499
1455,1530
1455,1696
1455,1989
1455,2470
1455,2958
1455,3852
1455,3855
1455,3963
1455,4259
1455,4506
545,602
545,671
545,684
545,810
545,865
545,899
545,962
545,1092
545,1208
545,1616
545,1696
545,1785
545,1810
545,1872
545,1952
545,2032
545,2106
545,2216
545,2470
545,2705
545,2739
545,2860
545,2938
545,3109
545,3727
545,3852
545,4013
545,4156
545,4492
545,4569
545,4706
545,4730
545,4794
545,4922
2793,2854
2793,2860
2793,2938
2793,3029
2793,3188
2793,3367
2793,3423
2793,3639
2793,3668
2793,3798
2793,3841
2793,4049
2793,4097
2793,4141
2793,4186
2793,4569
2793,4726
3027,3855
432,1499
432,1592
432,2711
432,2883
432,2897
432,3681
432,3855
432,3943
4647,4991
433,3855
435,4569
440,752
440,1395
440,1499
440,2032
440,2451
440,2897
440,3902
440,4134
440,4517
440,4620
440,4925
441,4134
3354,3841
3354,3902
447,3724
447,3744
447,3855
2962,3130
455,3855
455,4620
569,602
569,648
569,684
569,752
569,871
569,1229
569,1233
569,1285
569,1303
569,1314
569,1550
569,1659
569,1785
569,1900
569,2293
569,2406
569,2426
569,2470
569,2854
569,3059
569,3185
569,3251
569,3798
569,3819
569,4002
569,4141
569,4726
569,4794
459,521
459,2032
461,3855
2161,2739
2161,3130
2161,4134
2161,4726
2161,4749
2161,4794
2161,4862
2161,4925
2983,3612
2983,3681
2983,3705
2983,3841
2983,3963
2983,4134
2983,4156
2983,4517
2983,4794
2983,4971
2983,4991
466,4991
468,3855
475,4862
480,1872
480,1952
480,1989
480,2091
480,2572
480,2932
480,3059
480,3434
480,4847
1827,2575
1827,2860
1827,3029
1827,3130
1827,3251
1827,3841
1827,4925
1827,4991
3831,3902
3831,4010
481,3724
481,4569
485,1303
485,1872
485,2572
485,2897
486,1146
486,1395
486,2686
486,3029
486,4862
499,1440
499,2032
499,3724
499,4620
1362,1395
1362,3902
1362,4134
3178,3612
3178,3902
3178,4134
3178,4862
3178,4925
4748,4862
3183,4517
2622,3059
2622,3841
2622,4620
2622,4991
510,3724
511,3855
513,3855
514,1536
514,3724
516,3130
1520,3855
518,648
520,648
3825,3855
3222,3744
3222,4517
3222,4620
3222,4702
3222,4726
3222,4794
3222,4991
532,1616
532,1920
532,2304
532,2711
532,3029
532,3130
532,3639
532,3943
532,4620
4729,4847
810,871
810,1158
810,1208
810,1233
810,1314
810,1550
810,1992
810,2052
810,2091
810,2245
810,2732
810,2746
810,2874
810,2932
810,3181
810,3188
810,3245
810,3526
810,3705
810,4097
810,4259
810,4492
810,4620
810,4724
810,4925
962,1087
962,1303
962,1816
962,1920
962,2216
962,2406
962,2897
962,3130
962,3181
962,3855
962,3943
962,4134
962,4141
962,4492
962,4749
962,4922
2293,2407
2293,2705
2293,2836
2293,2874
2293,3109
2293,3245
2293,3504
2293,3668
2293,3681
2293,3724
2293,3819
2293,3841
2293,3852
2293,3943
2293,4002
2293,4013
2293,4035
2293,4049
2293,4134
2293,4402
2293,4432
2293,4491
2293,4492
2293,4506
2293,4606
2293,4724
2293,4818
2836,3185
2836,3251
2836,3434
2836,3681
2836,3724
2836,3841
2836,4517
2836,4726
1589,1920
1589,1989
1589,2350
1589,2451
1589,2470
1589,2686
1589,2860
1589,4847
1589,4862
846,899
846,1132
846,1285
846,1530
846,1550
846,1763
846,1810
846,1816
846,1872
846,1920
846,2106
846,2204
846,2216
846,2221
846,2293
846,2575
846,2686
846,2711
846,2793
846,2954
846,3130
846,3180
846,3188
846,3215
846,3251
846,3503
846,3742
846,3819
846,4010
846,4156
846,4606
846,4847
846,4908
846,4922
1815,3724
1815,3855
1815,4847
1156,3130
1156,3724
1156,4620
1156,4862
3662,4141
3662,4156
3662,4749
3662,4991
1632,2575
1632,2686
1632,2860
1632,2883
1632,4506
1632,4517
1632,4620
3637,3681
3637,3855
3637,3943
3637,4517
3637,4726
1126,1395
1126,1796
1126,1920
1126,2304
1126,2350
1126,2860
1126,2883
1126,3215
1126,4156
1126,4306
525,752
525,1132
525,1395
525,1992
525,2185
525,2350
525,2572
525,3503
525,3639
525,3705
525,3855
525,4620
1683,2860
1683,3744
1683,4134
1683,4569
1683,4991
1430,2711
1430,2883
1430,3188
1430,3503
1430,3724
1430,3819
1430,4569
3241,3724
3241,4134
3241,4991
3767,3855
3767,3902
3767,4862
1716,3724
1716,4134
1154,1395
1154,1872
1154,2350
1154,2451
1154,2686
1154,2883
1154,3029
1154,3215
1154,3639
1154,3681
1154,3744
1154,3902
1154,3963
1154,4010
1154,4013
1154,4506
1154,4569
1154,4991
531,648
533,1440
533,2575
533,3724
3281,3724
536,1092
536,1146
536,2487
536,2686
536,2883
536,3130
536,3423
536,3441
536,3668
536,3705
536,3744
536,3841
536,4073
536,4134
536,4141
536,4306
536,4749
536,4908
2132,3059
2132,4862
1473,1536
1473,1992
1473,2106
1473,2157
1473,2350
1473,2793
1473,2820
1473,2860
1473,2958
1473,3215
1473,3251
1473,3434
1473,3441
1473,3819
1473,3841
1473,4156
1473,4569
1473,4925
1473,4991
3202,3503
3202,4010
3202,4156
3202,4620
541,3059
3756,3902
3756,3963
3492,3705
3492,3841
3492,3855
3492,4134
3492,4991
2550,3029
2550,3744
549,1440
549,1499
549,1536
549,2350
549,2711
549,4726
549,4908
4129,4134
4129,4847
3754,3855
3754,4134
3754,4847
2546,3855
2665,4134
1344,3724
1344,4620
558,3744
560,648
560,4134
561,648
561,3724
561,4569
565,3855
3849,3855
4097,4492
4097,4794
4097,4847
1667,2686
1667,2897
1667,3059
1667,3503
1667,3963
1667,4073
1667,4569
2068,2883
2068,3130
2068,4569
2068,4847
2474,3855
2474,4569
2474,4862
572,1536
572,3130
572,3744
572,3841
572,4862
1501,2897
1501,4134
1501,4620
581,3724
583,4134
584,3724
584,3855
1697,3130
1697,3744
1697,4569
589,3724
592,4134
2382,2575
2382,2897
2382,3744
2303,2572
2303,2575
2303,3215
2303,3251
2303,3639
2303,3902
2303,3963
2303,4134
2303,4908
1184,3130
1184,3855
1184,4847
1996,3724
1996,4569
599,648
599,1395
599,3855
2949,3724
1772,1796
1772,3130
1772,3251
1772,3841
1772,4620
1131,1395
1131,1900
1131,2052
1131,2732
1131,2897
1131,3029
1131,3705
1131,3963
1131,4141
1131,4156
1131,4306
1131,4517
1131,4569
3060,4141
3060,4862
3060,4991
605,3724
605,3855
606,3724
607,3724
610,4569
611,4134
611,4847
3368,3724
3368,3744
617,3744
618,3855
628,1440
628,2572
628,2686
628,3029
628,3855
629,3855
632,2032
632,4847
3693,3724
3143,3724
637,1395
637,3059
637,3724
637,3744
637,4569
638,1146
638,1303
638,3724
638,3841
3938,4620
639,1440
639,4569
640,648
640,3855
3690,3902
3690,4134
1750,4134
1750,4569
664,865
664,1530
664,1592
664,2572
664,3059
664,3612
664,3681
664,3744
664,4141
664,4306
664,4702
664,4794
4943,4991
1278,1872
1278,2032
1278,3251
1278,3503
1278,4569
1278,4620
1278,4862
2341,2575
2341,2883
2341,3059
2341,3130
2341,3503
2341,3841
2341,3855
2341,4073
2341,4306
3545,3744
3545,4908
4402,4569
4402,4922
1105,1872
1105,2686
1105,2732
1105,3059
1105,3724
1105,3855
1105,3943
1105,4013
1105,4134
1105,4506
1105,4726
1105,4862
3820,3902
3820,4862
878,1499
878,2860
878,3029
878,3724
878,3841
878,3902
878,4726
3131,3612
3131,3724
3131,3744
1735,4620
3752,3855
4571,4862
1636,1796
1636,3681
1636,3724
1636,3744
1636,3855
3523,3819
3523,4013
3523,4141
3523,4749
1531,2572
1531,2732
1531,2897
1531,3029
1531,3612
1531,4569
2656,2883
2656,3130
2656,3724
2656,3744
2656,3841
2656,3943
2656,4134
2656,4569
2656,4908
3937,4620
3937,4847
2203,3639
2203,3705
2203,3724
2203,4013
2203,4141
2203,4620
2203,4908
1562,3724
1562,3744
4526,4569
4526,4749
4526,4908
4526,4925
3621,3724
3621,4134
1452,1499
1452,1530
1452,2470
1452,3029
1452,3943
1452,4156
1452,4620
1452,4726
1452,4749
1452,4847
3115,3855
3115,4306
4342,4569
4158,4726
4158,4908
1596,3744
1596,4134
4150,4620
2140,2204
2140,2686
2140,2854
2140,2958
2140,3130
2140,3185
2140,3215
2140,3819
2140,3943
2140,4013
2140,4156
2140,4306
2140,4847
1860,1920
1860,2032
1860,2575
1860,3612
1860,4908
3003,4569
1608,1616
1608,1920
1608,1989
1608,2052
1608,2091
1608,2897
1608,2954
1608,3029
1608,3251
1608,4134
1608,4306
1973,3130
3727,4010
3727,4259
3727,4517
3727,4724
3727,4730
3727,4749
940,1146
940,3744
2866,2897
2866,3612
2866,4847
2866,4862
2705,2883
2705,3612
2705,3705
2705,3744
2705,3841
2705,3855
2705,3963
2705,4134
2705,4492
2705,4847
2705,4862
2705,4922
1238,1314
1238,1592
1238,1994
1238,2204
1238,2293
1238,2470
1238,2793
1238,3215
1238,3251
1238,3902
1238,4097
1238,4141
1238,4506
1238,4726
1238,4925
4550,4620
4550,4925
3071,3724
3071,3744
1150,1536
1150,4847
1150,4862
4741,4908
1907,2575
1907,2883
1907,3724
1907,4506
1907,4620
1907,4794
1907,4925
1907,4991
3814,3855
3814,4862
1227,1499
1227,1952
1227,1989
1227,1994
1227,2129
1227,2407
1227,2470
1227,2487
1227,2572
1227,2711
1227,2954
1227,3423
1227,3503
1227,3798
1227,4010
1227,4013
1227,4097
1227,4847
3371,3744
3051,3855
3051,4862
3512,3724
2042,2185
2042,3130
2042,3251
2042,3963
2042,4620
2042,4862
2042,4922
3300,3503
3300,3681
3300,3841
3300,3902
3300,4306
819,1087
819,1992
819,2860
819,3744
819,3841
819,4013
819,4726
819,4922
1744,2575
1744,2711
1744,3612
1744,3724
1744,4925
2187,3503
2187,3902
2187,4134
4074,4991
4811,4991
3009,3612
3009,4749
4287,4862
4287,4925
651,1395
651,2032
3765,4506
3765,4517
3765,4620
943,1536
943,1872
943,2451
943,2575
943,2739
943,3029
943,3059
943,4156
943,4306
943,4517
943,4847
654,2032
654,3744
1852,3855
1852,4134
655,1395
655,4847
655,4862
673,2572
673,2686
673,3744
673,4134
673,4991
658,3724
1609,2686
1609,3841
1609,4620
1609,4847
2680,3059
2680,4134
2680,4620
2704,3724
2704,3744
4758,4794
3517,3943
3517,3963
3517,4749
3517,4794
1170,1872
1170,2897
1170,3681
3224,3724
3224,4134
676,4569
677,3855
678,3744
679,4569
685,3029
685,4134
685,4991
680,1146
680,1440
1287,4134
1287,4569
682,3855
683,3059
683,4847
2683,3841
3329,3724
3329,3744
3329,4569
2663,3855
2663,4134
2663,4620
693,3855
696,4847
2107,4134
700,1536
700,3059
700,4569
700,4620
4225,4569
1818,2860
1818,2883
1818,3130
1818,3681
1818,3841
1818,4908
705,4569
707,3855
713,3855
2276,4134
2276,4620
716,3744
3467,4862
3467,4925
2845,2897
2845,3251
2845,3681
2845,3744
2845,3943
2845,3963
2845,4156
2845,4569
1301,1440
1301,2572
1301,2883
1301,3612
1301,3724
1301,3744
733,3744
2060,3855
735,3724
735,4569
3660,4569
3630,3855
744,1992
744,2572
4704,4862
1863,3130
1642,2732
1642,2883
1642,3855
1642,4506
1642,4517
1624,3130
988,1992
988,2897
988,3612
988,3681
988,4569
988,4925
1288,3130
1288,4569
867,3724
1962,3855
2345,4134
2476,4569
3195,4134
3030,3705
3030,4702
3030,4726
3514,4847
3750,3855
1335,2572
1335,3130
1335,3744
1423,1536
1423,3724
1423,4569
2007,2032
2246,2575
2246,3612
2246,4847
2774,3029
2774,3744
2774,4141
2774,4156
2774,4620
2774,4749
2774,4925
758,3744
781,3724
783,3724
784,4134
784,4620
986,3744
986,4620
1521,3724
789,3744
1315,1499
1315,1592
1315,1900
1315,1920
1315,1994
1315,2293
1315,2487
1315,3434
1315,3744
1315,4141
1315,4702
1315,4925
800,3855
4716,4847
2121,3855
811,1592
811,3855
811,4569
811,4862
815,4862
816,4862
3651,4306
3651,4726
3651,4925
825,4847
829,1158
829,1592
829,1696
829,1872
829,1920
829,2185
829,2498
829,2860
829,3423
829,3434
829,3503
829,3724
829,3798
829,3852
829,4097
829,4306
829,4620
829,4730
2938,2958
2938,3639
2938,3705
2938,3724
2938,3798
2938,3855
2938,4517
2938,4620
2938,4991
4243,4569
4243,4991
831,3855
831,4620
1016,3724
1016,4134
838,3724
2089,4134
1341,1395
1341,1440
1341,3130
1341,3612
1341,3681
1338,1536
1338,4569
1338,4726
1338,4862
3504,3612
3504,3855
3504,4134
3504,4620
3504,4847
3504,4922
848,1395
3140,3724
3140,3855
850,4134
855,3059
855,3130
857,1395
864,4620
3340,3639
3340,3724
3340,3841
3340,3943
3340,4073
3340,4862
3730,3902
3730,4517
3730,4569
3730,4794
3730,4991
1781,2711
1781,3059
1781,3251
1781,3681
1781,4726
1781,4925
876,3855
3772,4847
879,4847
1426,3855
880,1146
880,3724
880,3855
880,4134
880,4925
887,3724
889,4134
890,3744
3648,4862
891,4569
3699,3724
2371,3724
2371,3855
3463,3855
1715,4925
941,3902
3111,3251
3111,3744
3111,3855
3111,4141
3111,4569
3111,4794
900,2350
900,3130
900,3724
1433,1616
1433,2572
1433,2711
1433,2860
1433,2883
1433,3029
1433,3130
1433,3215
1433,3434
1433,3503
1433,3639
1433,3855
1433,4010
1433,4013
1433,4141
1433,4620
1433,4749
1433,4908
901,1146
901,1395
901,1796
901,2686
3579,3724
906,1536
906,4569
906,4847
911,3724
916,3855
917,3724
3605,3724
918,3855
919,1229
919,1440
919,1989
919,2575
919,2883
919,4013
919,4506
919,4569
919,4620
919,4922
3743,4141
3743,4620
3743,4794
3743,4922
921,4847
923,4569
923,4847
924,3724
925,1395
925,2451
925,3130
925,4569
925,4847
925,4908
2864,4010
2864,4134
2864,4794
1776,2032
1776,3724
1776,4569
928,4620
2742,3130
2742,4569
2742,4726
931,1395
931,1796
936,2032
1898,2032
2214,3130
2214,3855
998,1440
998,2575
948,3855
967,3855
979,2897
4714,4847
4714,4925
980,3855
981,4569
985,2572
985,3130
985,3744
985,4620
2980,3841
2980,4862
993,4134
1695,4569
994,3724
994,4569
997,3744
997,4134
1001,3724
1001,3855
1012,3855
2031,3724
1023,4620
1807,3724
1807,4569
1024,1536
3787,4847
1034,3855
1037,3855
1041,3855
3418,4925
1042,4569
1046,3059
3359,4134
3359,4847
1053,3855
2533,3855
1057,3744
1061,1395
1064,3855
1074,1536
1074,4134
1074,4569
1076,3744
1078,4569
1078,4847
1913,2732
1913,3612
1083,2732
1083,3724
1083,4925
3142,3744
3142,4620
3142,4862
1086,3724
1086,3744
3276,3841
3276,3902
3276,4620
1091,3130
2508,2686
2508,3744
2508,3841
2921,4134
4273,4620
4273,4991
1093,3855
1095,3130
1095,3503
1095,3841
1095,4306
1095,4794
2558,2732
2558,2860
2558,3130
2558,3612
2558,3724
2558,4862
1336,3215
1336,3612
1336,3705
1336,3855
1336,3902
1336,4702
1336,4922
1100,4620
1101,3855
1101,4847
1102,4862
3600,3724
3600,3744
3600,4506
1112,1146
1112,1303
1112,3724
1114,3855
3000,4847
1119,4847
1122,3059
1778,3963
1778,4156
1778,4620
1778,4749
1778,4862
2713,3612
2713,3744
2713,3855
2713,4569
2713,4726
4821,4847
4821,4991
1477,2572
1477,3130
1477,3251
1477,3855
1477,4569
1477,4726
2588,3681
2588,3724
2588,3841
1700,4134
1700,4620
1700,4991
3544,4134
1412,3744
1412,4847
1148,1992
1148,3744
1148,3855
1148,4862
3362,3724
3362,4306
3674,4134
3674,4569
3674,4847
3392,3855
1892,4134
1476,3855
2540,3855
2120,3612
2120,3855
2120,4862
1694,3855
1239,4569
1239,4847
2799,3841
2799,4134
2799,4569
3563,4134
2315,4620
2171,3724
2171,4620
1159,3744
1164,3855
1169,3744
1169,3855
1169,4620
1169,4862
1575,3744
1575,3855
3370,4569
3370,4620
3370,4847
3528,3724
1181,3724
1183,1992
1186,3744
1186,4569
1187,4134
3121,3744
3121,4620
3121,4726
3546,3855
3264,4569
3264,4847
3264,4862
3400,3841
3400,4908
3561,4847
4769,4847
3436,4569
1223,4847
1224,3855
1228,2575
1228,4134
3218,3724
3218,4862
1481,1499
1481,1872
1481,2032
1481,2575
1481,3130
1481,3681
1481,3724
1481,4506
1481,4726
1481,4847
2037,3612
2037,3855
2037,3902
2037,4925
3611,4073
3611,4134
3611,4506
3611,4569
1230,3130
1230,4847
1935,4134
1573,1616
1573,1900
1573,1920
1573,2572
1573,2860
1573,3251
1573,3744
1573,3841
1573,3902
1573,3943
1573,4010
1573,4141
1573,4306
1573,4620
1573,4726
1573,4922
1240,3724
1240,3744
1240,3855
1246,4847
1248,3744
2815,3855
2815,4620
1263,2883
1263,3029
1263,3855
1263,3902
1263,4749
1260,3059
1261,4134
1276,3724
2936,3612
2936,3724
2936,4991
1279,3744
1283,3744
1283,3855
4255,4506
2376,3855
2376,4620
2376,4925
1291,3855
3246,3724
3246,4620
3246,4862
1310,1536
1310,3612
1310,3724
1310,4569
1313,4620
3454,4569
4695,4847
4695,4925
1713,3744
1713,3841
1713,4847
1324,3744
1324,4847
3675,3744
3675,4134
3675,4925
3675,4991
1971,3059
1971,3744
1971,4847
1345,3724
1349,3724
1350,2686
1355,4134
1357,3724
1357,3855
3698,4569
2737,3902
2737,4569
1493,4134
1370,3744
1375,3059
1381,3744
1383,3855
1386,3855
1386,4134
1390,3130
1390,4620
1394,3724
1394,3744
1394,3855
1394,4569
2898,3855
2832,3744
1873,3724
1873,3855
1873,4134
3156,3185
3156,4141
3156,4506
3156,4569
3156,4620
3156,4925
1906,3612
1906,3724
1906,4991
1398,4134
1405,3724
1417,3855
1419,1536
4448,4847
2973,3724
1425,3130
1425,3744
1425,4862
1432,3029
1432,3724
2057,3744
1436,3855
1437,4569
1788,3130
1788,3724
1788,4862
1843,2686
2573,3029
2573,3744
3120,3724
3120,3744
4709,4847
4872,4991
4453,4925
2227,3855
2047,3744
1464,2732
1466,3855
1470,3855
4906,4925
1485,3724
1485,4134
3466,3902
1491,3724
2257,3724
1666,3130
1666,3744
1666,4134
1740,2350
1740,3612
1740,3744
1740,3855
1740,4141
1740,4506
1740,4517
1740,4794
1740,4908
2996,3130
2996,4991
1504,2032
1504,2572
1504,3724
1504,4620
1505,2686
1505,3130
1505,4134
1506,3855
2990,4569
1508,1592
1508,2032
1508,2575
1508,3059
1845,4620
1845,4862
1510,3744
1516,3855
1517,2032
1517,3059
1523,4134
4520,4862
2080,3130
2080,4991
1538,3855
2652,4134
1552,3744
1564,3744
1569,2032
1569,3612
1569,3841
1565,4569
1566,3855
1572,4134
1576,3724
1581,3855
1590,4134
1590,4569
1597,4847
1599,4569
1604,3855
1604,4569
1606,3855
1688,4569
1611,3855
1612,3724
3286,3841
3286,3855
3286,4925
2912,3130
2912,3943
2912,4073
2912,4134
2912,4862
2319,3130
2319,3744
2319,4862
1622,3724
1628,4569
2677,4569
1635,3855
1638,4847
1644,1796
1644,4991
1650,3855
1657,4134
1658,3724
2240,3724
2240,3841
2240,4991
4164,4847
4164,4908
3719,3724
3719,3902
4132,4306
4132,4862
4132,4925
1938,2572
1938,2686
1938,3029
1938,3215
1938,3251
1938,3681
1938,4306
1938,4517
1938,4925
3502,3724
3502,3744
3502,4506
3502,4620
3502,4726
3502,4847
3502,4991
4064,4569
4064,4620
3078,4569
3078,4620
1660,3855
2904,3724
1668,1796
1668,3130
1668,3612
1668,4925
2586,3724
2586,3744
1669,3855
1676,3744
1866,4620
1677,3855
1678,3744
1686,3724
1686,3855
1687,3724
2181,2572
2181,4506
2181,4726
3958,4620
3958,4847
1698,3855
1702,4134
1704,3724
3581,3855
1721,3855
1722,3855
3537,3744
3537,4134
1727,2572
1727,2575
1727,4991
1745,3130
3247,3855
1762,3130
2484,2732
2484,3059
2484,3724
2484,3855
2484,4991
1765,3744
1766,3855
1766,4134
3039,3188
3039,3503
3039,3668
3039,3855
3039,3963
3039,4073
3039,4702
2846,4506
1786,4847
3721,4847
3721,4862
1795,4925
1809,3855
1813,3724
1814,4569
3655,3902
3655,4620
1830,3744
4458,4569
3816,4134
3089,3724
1831,3130
1831,4134
4450,4569
3722,3841
1840,3855
1855,3855
2155,2572
2155,2686
2155,4134
2511,3724
2511,3855
2641,3130
2641,3855
2641,4134
1883,3855
1887,4569
4221,4847
2642,2686
2642,4134
2934,4862
1908,2572
1908,3029
1908,3744
1909,3059
1914,3724
1916,4925
1917,4847
3171,4620
3171,4925
2197,4134
2197,4847
2920,3855
2776,3855
1930,3724
1940,3744
1943,4134
1945,3855
1953,3855
1968,4620
1975,4991
1983,3855
1986,3855
2754,3744
2754,4569
2000,3855
2005,4134
2008,4620
2008,4847
2020,3744
2025,3130
2735,3059
2735,3724
2735,3855
2398,4847
2254,3841
2254,3855
2456,4134
2456,4620
2053,4569
2053,4847
2055,4847
2059,2572
2059,2575
2059,3029
2076,3744
2078,3724
2084,3744
2084,3855
2085,3855
2086,4134
2090,4847
2486,2686
2123,4569
2131,3855
3033,3681
3033,4620
2139,3855
2143,4620
3112,3130
3112,3744
3008,4847
2153,2686
2153,3724
3420,3855
2154,3744
2624,3059
2624,3724
2624,4569
3116,4134
3093,3724
4654,4925
2307,4134
2307,4569
2307,4620
2162,3744
2166,3744
2172,3855
3290,4749
3290,4794
2178,4134
2178,4620
2193,3855
2458,3744
2202,3724
3603,3855
3603,4569
2205,3130
2205,3724
2414,3724
2414,3902
2232,4569
2460,4134
2270,3855
2282,4862
2283,3855
3062,4569
2284,4620
3166,3855
3166,4134
2991,4134
2998,4569
3653,3855
2327,3855
2330,2732
2334,3130
2334,3744
2340,3744
3859,4620
3859,4847
2343,3724
2348,4847
2358,3724
2359,4847
2364,3059
2368,4569
4236,4991
2372,3855
2378,3059
2378,4862
2390,3855
2392,2572
2392,2732
2397,3855
2401,3744
2401,3855
2402,4569
2403,3724
3055,3612
3055,3855
3055,4620
3055,4847
3055,4862
3011,4134
2417,2572
2417,3744
2434,3744
2434,4134
3049,3744
4825,4991
2469,4620
2473,4569
2485,3855
2505,3744
2514,3855
2515,3744
2526,3724
2526,4620
2534,4620
2556,3744
2557,3855
2569,4134
2877,3855
4529,4847
3586,4569
3594,4862
3683,4569
4282,4569
4120,4569
2577,3724
2584,3130
2587,3059
2594,3855
2595,3855
2612,4134
2615,3855
2645,4134
2646,3130
2646,4134
2649,4847
2653,3744
2660,3724
2662,4134
2676,3724
4007,4862
3451,3855
3451,4569
3771,4847
2708,3724
2722,3029
2722,4134
2726,3724
3191,3841
3191,4847
4855,4862
2740,3744
2764,3855
4810,4862
2789,4847
2797,3724
2797,3855
2822,4862
2835,3855
2840,4569
3518,3724
3044,3744
2994,3744
2857,3744
3427,3724
2863,3724
3077,3130
3077,3855
3077,4620
3077,4847
2889,3855
2894,3855
2899,3724
2926,3744
2928,3724
2947,3724
4513,4726
2968,4134
2971,3130
2979,3724
3393,3855
3271,4134
3271,4847
3012,4134
4057,4134
3015,3724
3022,4847
3449,3855
3233,3744
3061,3744
3064,3724
3066,3724
3069,4620
3074,4569
3075,3841
4560,4569
3508,3855
3114,4620
3123,4862
3128,3130
3128,4847
3519,4569
4283,4847
3416,3855
4379,4620
4396,4847
3628,4862
3377,3744
3377,4134
3473,3855
3214,4134
3149,3855
3149,4134
3154,3744
3956,4569
3714,4569
3204,3724
4660,4847
3243,3724
3266,3855
3280,3744
3280,4569
3296,3744
3299,3855
3311,3744
3319,3724
3337,4134
3372,4569
3376,3855
3386,3855
3389,3855
3408,3855
3413,4620
3431,4569
3433,3724
3587,3744
3587,4847
3862,4134
3457,3744
3464,4569
3491,3902
3515,4847
3516,3841
3527,3724
3538,3724
3550,3724
3571,4847
3584,3855
3590,4569
3590,4620
3848,3855
3629,4569
4755,4847
3671,4620
4177,4862
3673,4134
3709,3855
4577,4847
4189,4569
4082,4847
4412,4847
3741,3855
3797,3855
3846,4862
3847,3855
4180,4847
4403,4862
4280,4569
4326,4847
4197,4569
4516,4620
3866,4620
4182,4847
4037,4620
4028,4620
3863,4569
4574,4620
3890,4134
4205,4847
3996,4569
4018,4620
4020,4134
4060,4620
4062,4847
4168,4620
4260,4569
4323,4847
4614,4847
