6 581
9 664
9 1293
9 990
9 737
9 622
9 795
9 307
9 860
9 1033
9 778
11 240
11 65
11 1047
12 937
15 957
15 778
17 1314
17 1180
20 826
21 1418
21 1314
21 1367
22 82
22 1007
22 813
23 878
26 1293
26 698
26 426
26 276
26 1314
26 903
27 82
27 1193
33 354
33 1290
36 808
37 103
39 752
42 664
42 1423
42 1244
42 795
42 957
42 1441
42 47
42 1140
47 1468
47 920
47 88
47 1125
47 509
47 42
47 1314
47 1349
47 1446
47 161
47 1180
49 1359
49 937
61 82
61 779
61 267
61 1193
63 1240
65 407
65 363
65 477
65 1336
65 11
65 1044
65 717
65 240
65 494
65 271
65 276
65 1262
65 1365
65 765
65 412
65 307
65 934
65 237
65 236
65 654
65 1023
65 288
65 1249
65 93
65 586
69 1385
69 1345
71 1385
71 491
71 1023
77 1283
77 1177
79 290
79 1019
79 1418
79 1314
81 82
81 676
82 644
82 1002
82 460
82 323
82 881
82 665
82 1334
82 1359
82 530
82 984
82 513
82 1107
82 139
82 81
82 643
82 1297
82 906
82 685
82 22
82 153
82 107
82 1382
82 267
82 331
82 802
82 1226
82 599
82 1333
82 1238
82 719
82 1167
82 1086
82 1007
82 657
82 1234
82 1248
82 1136
82 858
82 121
82 771
82 1244
82 497
82 145
82 224
82 1088
82 942
82 795
82 1193
82 1314
82 1066
82 902
82 61
82 1169
82 1364
82 661
82 445
82 708
82 1063
82 412
82 798
82 905
82 1003
82 1379
82 632
82 1196
82 630
82 911
82 786
82 1399
82 1481
82 27
82 820
82 1443
82 711
82 352
82 849
82 1433
82 1023
82 1348
82 360
82 559
82 1214
82 1300
82 437
82 1140
82 1283
82 1396
82 524
82 1455
82 326
82 676
82 1033
82 1438
85 477
88 47
93 363
93 1453
93 65
93 1047
93 586
94 1423
94 111
94 307
94 934
100 1328
100 481
100 711
103 924
103 629
103 37
104 1334
105 494
105 1314
107 82
107 1334
107 984
107 1107
107 657
107 661
107 749
107 1279
108 234
108 737
108 654
111 1423
111 94
111 1349
111 157
111 1140
115 378
119 719
121 82
121 1287
123 1277
123 413
123 895
125 491
125 1193
125 1023
130 1389
130 224
130 1314
130 594
130 860
130 1177
130 1033
139 323
139 82
139 478
139 657
139 497
139 795
139 1193
139 1314
139 445
139 708
139 1196
139 711
139 352
139 1214
139 347
139 1455
139 676
145 82
145 320
145 1396
148 737
150 583
153 82
156 1508
157 460
157 806
157 1469
157 111
158 1385
158 544
158 698
158 1345
158 654
160 598
160 826
160 1023
161 47
164 1349
169 1385
169 698
169 1345
169 654
174 940
174 737
174 1089
174 446
175 1300
176 293
179 293
184 1428
189 1222
195 1197
201 1359
201 630
202 866
202 905
203 567
205 491
205 1314
205 437
220 957
220 1189
221 1011
224 82
224 838
224 1411
224 130
224 1125
224 1262
224 1193
224 1314
224 1023
224 1127
224 1180
224 903
225 806
227 1311
228 1017
228 1066
229 719
231 363
231 1336
231 240
231 271
231 1244
231 594
231 586
231 1040
234 108
236 407
236 1336
236 240
236 1262
236 65
236 1126
236 1047
236 989
237 1314
237 65
237 1047
240 11
240 231
240 765
240 853
240 65
240 1047
240 236
240 288
240 480
240 1249
240 586
240 1040
247 984
247 347
250 1197
253 1438
255 853
255 676
267 82
267 647
267 657
267 497
267 662
267 1314
267 61
267 1364
267 1189
267 1214
267 676
270 957
271 231
271 509
271 65
276 1385
276 1044
276 1217
276 307
276 26
276 65
276 1047
276 654
281 1314
288 240
288 1314
288 65
288 1047
289 477
289 1336
289 1024
289 1333
289 385
289 580
289 1430
289 934
289 959
289 1047
289 586
290 79
292 1091
293 176
293 1226
293 179
293 501
299 734
307 727
307 940
307 558
307 1021
307 94
307 1248
307 276
307 1160
307 1250
307 65
307 1047
307 1045
307 9
317 1136
317 849
320 729
320 145
323 82
323 139
323 643
323 1193
323 1196
326 82
326 1196
326 615
328 937
330 1274
330 733
330 367
330 1328
330 639
330 1283
330 1259
330 1033
331 82
331 1196
331 360
331 1455
332 924
347 139
347 1193
347 1314
347 247
351 1033
352 82
352 139
352 1314
353 717
353 409
353 446
354 33
354 1290
358 1024
359 991
360 82
360 331
360 719
360 771
360 905
361 895
361 894
363 1336
363 920
363 231
363 1365
363 765
363 65
363 93
364 483
365 1252
365 1430
365 465
367 1428
367 509
367 1328
367 330
367 711
367 639
367 1177
367 1033
372 583
374 1244
378 453
378 115
384 1066
385 440
385 1428
385 289
385 509
385 957
385 1430
385 1328
385 639
387 494
387 594
392 1283
400 808
401 1024
402 595
405 1428
407 806
407 838
407 1262
407 409
407 65
407 1126
407 236
407 1023
407 480
409 460
409 407
409 1336
409 664
409 1125
409 1262
409 353
409 826
409 1023
409 480
412 82
412 1248
412 1003
412 65
413 1166
413 1198
413 937
413 123
418 771
418 1422
418 1446
418 711
418 1140
426 664
426 698
426 26
427 1461
437 82
437 1500
437 1248
437 860
437 205
437 1033
440 1244
440 385
440 509
440 957
440 1250
440 934
445 82
445 139
445 657
445 771
445 662
445 1193
445 1314
446 1468
446 174
446 353
449 647
453 378
453 1366
455 699
455 1314
455 1379
455 1397
460 82
460 1469
460 1092
460 409
460 157
465 795
465 365
477 1336
477 289
477 85
477 955
477 65
477 1126
477 1047
477 586
478 1461
478 513
478 139
478 771
478 1314
478 1311
478 630
480 407
480 1336
480 1385
480 664
480 240
480 1125
480 1262
480 765
480 409
480 826
480 1023
481 925
481 100
483 364
484 1365
491 677
491 662
491 1193
491 205
491 125
491 1023
491 71
494 105
494 698
494 1349
494 387
494 65
494 654
497 82
497 139
497 267
497 1314
501 293
506 698
506 657
506 1314
509 440
509 271
509 385
509 662
509 367
509 47
509 1250
509 639
509 1033
511 859
511 957
511 934
512 657
512 942
512 661
513 82
513 1334
513 478
513 719
513 657
513 1193
513 1314
513 708
513 1196
513 911
513 1433
524 82
525 1314
526 719
526 1185
530 82
544 859
544 1385
544 698
544 1345
544 654
544 158
544 1236
546 562
558 722
558 1446
558 798
558 307
559 82
559 764
562 546
567 203
578 1066
580 289
581 6
583 150
583 372
586 477
586 1336
586 231
586 289
586 913
586 240
586 1365
586 955
586 65
586 1126
586 1047
586 93
594 130
594 231
594 1248
594 1422
594 387
594 1189
594 1003
594 1033
595 402
595 1038
595 676
598 1125
598 160
598 934
598 989
599 82
607 1314
608 1273
608 657
608 1314
608 1066
614 1066
615 881
615 836
615 1379
615 326
622 727
622 1441
622 1250
622 754
622 9
628 1423
629 103
630 82
630 962
630 478
630 1314
630 201
630 676
632 82
632 1314
635 1314
637 662
639 1428
639 385
639 509
639 1417
639 367
639 1328
639 330
639 711
639 1177
639 1033
643 323
643 82
643 984
643 1196
644 82
644 719
644 1196
644 1455
647 267
647 449
651 1428
654 1385
654 544
654 698
654 494
654 276
654 108
654 1365
654 957
654 1345
654 65
654 169
654 754
654 158
657 608
657 82
657 1334
657 984
657 512
657 513
657 139
657 906
657 107
657 267
657 1024
657 719
657 1086
657 662
657 1193
657 808
657 1364
657 445
657 506
657 1196
657 1214
657 1438
661 82
661 512
661 1107
661 1165
661 107
662 637
662 1400
662 267
662 1418
662 717
662 657
662 771
662 491
662 509
662 1193
662 1314
662 1349
662 445
662 1352
662 1328
662 711
662 1110
662 1438
664 426
664 42
664 409
664 1345
664 480
664 9
665 82
665 1400
665 719
665 1193
665 1314
674 1082
676 82
676 1428
676 139
676 81
676 267
676 595
676 1193
676 1314
676 1349
676 905
676 630
676 255
676 1337
676 1038
677 491
680 859
680 1110
685 82
694 1468
694 1418
694 1189
694 803
696 1333
698 1385
698 544
698 426
698 494
698 506
698 1345
698 26
698 169
698 654
698 158
699 455
708 82
708 513
708 139
711 82
711 139
711 719
711 662
711 1193
711 1314
711 100
711 367
711 418
711 1328
711 639
711 1177
711 1033
717 1336
717 662
717 353
717 65
717 1047
717 1023
718 934
719 644
719 82
719 665
719 229
719 984
719 513
719 1165
719 526
719 1082
719 1226
719 1007
719 657
719 771
719 1193
719 1066
719 924
719 1364
719 1299
719 798
719 1196
719 119
719 1279
719 711
719 1433
719 1348
719 360
719 1390
719 1283
719 1290
719 1438
722 558
722 1221
723 1428
723 1189
723 860
727 822
727 622
727 1446
727 307
728 859
729 320
730 973
733 957
733 330
734 299
737 148
737 108
737 174
737 754
737 9
738 1385
738 1468
749 107
752 39
754 737
754 622
754 654
764 559
765 363
765 240
765 1262
765 1314
765 65
765 1047
765 480
766 1359
771 82
771 478
771 719
771 1007
771 662
771 1314
771 445
771 418
771 360
771 1084
771 1438
776 1200
778 15
778 9
779 61
786 82
786 1088
787 1066
795 82
795 139
795 1423
795 42
795 1314
795 465
795 1033
795 9
796 1365
798 82
798 558
798 1453
798 719
798 1244
798 1140
798 903
798 1177
802 82
803 694
806 407
806 225
806 1262
806 157
806 1180
808 1107
808 657
808 400
808 36
813 22
820 82
821 1441
822 727
826 20
826 1125
826 1186
826 160
826 409
826 480
836 1071
836 1092
836 1314
836 615
838 407
838 224
838 1023
838 1180
839 1402
841 1128
849 82
849 1136
849 317
849 1371
850 1334
853 240
853 255
858 82
859 544
859 982
859 728
859 1314
859 511
859 1349
859 1483
859 680
859 934
859 1180
859 1045
860 723
860 1293
860 130
860 1248
860 1186
860 1314
860 437
860 1177
860 1033
860 9
866 202
868 874
868 1314
868 1180
868 1259
874 868
878 23
880 1009
881 82
881 615
894 361
895 361
895 1287
895 123
900 951
902 82
903 1411
903 224
903 1314
903 798
903 26
903 1023
903 1249
903 1180
905 82
905 1007
905 202
905 1193
905 1314
905 360
905 676
906 82
906 1334
906 657
906 942
910 1485
911 82
911 1334
911 513
913 1023
913 586
920 363
920 957
920 47
924 1334
924 719
924 332
924 103
925 481
925 1283
934 859
934 1336
934 440
934 718
934 960
934 289
934 979
934 1143
934 94
934 598
934 1186
934 511
934 1364
934 65
934 1047
937 12
937 328
937 413
937 49
940 174
940 307
942 82
942 512
942 906
948 1252
951 900
955 477
955 1336
955 586
956 1325
956 1441
957 1334
957 440
957 1428
957 920
957 1418
957 385
957 42
957 511
957 733
957 1189
957 220
957 654
957 15
957 270
957 1033
958 1197
959 1336
959 289
959 1047
960 934
962 630
962 1023
963 1127
970 1397
973 730
979 934
979 989
982 859
982 1314
982 1349
984 82
984 643
984 107
984 719
984 657
984 1314
984 1299
984 247
989 979
989 598
989 236
990 1223
990 9
991 1193
991 359
991 1397
1002 82
1002 1066
1002 1287
1003 82
1003 594
1003 1446
1003 412
1003 1177
1007 82
1007 22
1007 719
1007 771
1007 1011
1007 905
1009 880
1011 221
1011 1007
1017 228
1019 79
1021 307
1023 407
1023 82
1023 962
1023 838
1023 1411
1023 913
1023 717
1023 1125
1023 491
1023 1262
1023 224
1023 1193
1023 1289
1023 160
1023 409
1023 125
1023 65
1023 71
1023 480
1023 1249
1023 903
1023 1033
1024 1174
1024 1165
1024 289
1024 657
1024 401
1024 358
1025 1107
1033 82
1033 1428
1033 130
1033 1244
1033 509
1033 795
1033 1193
1033 1314
1033 594
1033 1417
1033 957
1033 367
1033 860
1033 1328
1033 1250
1033 330
1033 351
1033 711
1033 1023
1033 639
1033 437
1033 1283
1033 1177
1033 9
1038 595
1038 676
1040 231
1040 240
1044 276
1044 1186
1044 65
1044 1126
1044 1047
1045 859
1045 1231
1045 307
1047 477
1047 1336
1047 11
1047 1044
1047 289
1047 717
1047 240
1047 276
1047 1365
1047 765
1047 307
1047 934
1047 959
1047 237
1047 236
1047 288
1047 93
1047 586
1061 1314
1063 82
1063 1382
1063 1066
1066 1002
1066 608
1066 228
1066 82
1066 1383
1066 787
1066 1382
1066 719
1066 578
1066 1063
1066 614
1066 384
1071 836
1077 1417
1082 719
1082 1193
1082 674
1084 771
1086 82
1086 657
1088 82
1088 786
1088 1481
1089 174
1091 292
1092 460
1092 836
1096 1255
1103 1227
1107 82
1107 107
1107 808
1107 661
1107 1025
1110 1153
1110 662
1110 680
1110 1337
1113 1189
1124 1193
1125 1468
1125 598
1125 224
1125 409
1125 47
1125 826
1125 1128
1125 1023
1125 480
1126 407
1126 477
1126 1044
1126 236
1126 586
1127 963
1127 224
1127 1300
1127 1180
1128 1125
1128 841
1136 82
1136 849
1136 317
1140 82
1140 1423
1140 111
1140 42
1140 1193
1140 1422
1140 418
1140 798
1140 1177
1141 1280
1143 934
1145 1365
1145 1189
1153 1110
1160 307
1165 1174
1165 1024
1165 719
1165 661
1166 413
1167 82
1169 82
1174 1165
1174 1024
1177 130
1177 1248
1177 367
1177 798
1177 860
1177 1003
1177 1328
1177 711
1177 77
1177 639
1177 1140
1177 1033
1180 859
1180 806
1180 838
1180 224
1180 868
1180 1314
1180 17
1180 47
1180 1300
1180 1127
1180 903
1185 526
1186 1044
1186 860
1186 826
1186 934
1187 1356
1189 723
1189 694
1189 267
1189 594
1189 957
1189 1441
1189 220
1189 1145
1189 1113
1193 323
1193 82
1193 665
1193 1124
1193 513
1193 139
1193 1384
1193 1082
1193 1226
1193 719
1193 657
1193 491
1193 1244
1193 224
1193 662
1193 1314
1193 1289
1193 1354
1193 61
1193 445
1193 991
1193 905
1193 1352
1193 1196
1193 1328
1193 125
1193 27
1193 711
1193 1023
1193 1214
1193 347
1193 1249
1193 1140
1193 1283
1193 676
1193 1033
1196 644
1196 323
1196 82
1196 1334
1196 513
1196 139
1196 643
1196 331
1196 1238
1196 719
1196 657
1196 1193
1196 1314
1196 1364
1196 1455
1196 326
1197 958
1197 195
1197 250
1198 413
1200 776
1214 82
1214 139
1214 267
1214 657
1214 1193
1214 1314
1217 276
1221 722
1221 1314
1222 189
1223 990
1226 82
1226 1334
1226 719
1226 1193
1226 293
1227 1103
1227 1346
1231 1045
1234 82
1236 544
1236 1345
1238 82
1238 1196
1240 1510
1240 63
1244 82
1244 440
1244 231
1244 42
1244 1193
1244 1314
1244 798
1244 374
1244 1033
1248 82
1248 1468
1248 594
1248 412
1248 307
1248 860
1248 437
1248 1177
1249 1411
1249 240
1249 1262
1249 1193
1249 65
1249 1023
1249 903
1250 440
1250 509
1250 622
1250 1446
1250 307
1250 1033
1252 948
1252 365
1255 1096
1259 868
1259 330
1262 407
1262 806
1262 224
1262 765
1262 409
1262 65
1262 236
1262 1023
1262 480
1262 1249
1266 1276
1273 608
1273 1314
1274 330
1276 1266
1277 123
1279 107
1279 719
1279 1314
1280 1141
1283 82
1283 392
1283 1423
1283 719
1283 925
1283 1193
1283 1314
1283 1422
1283 1328
1283 330
1283 77
1283 1033
1287 1002
1287 1359
1287 121
1287 895
1289 1193
1289 1023
1290 1334
1290 33
1290 354
1290 719
1290 1390
1290 1438
1293 860
1293 26
1293 9
1297 82
1299 984
1299 719
1299 1314
1300 82
1300 175
1300 1127
1300 1180
1311 227
1311 1461
1311 478
1314 859
1314 525
1314 608
1314 635
1314 82
1314 665
1314 984
1314 982
1314 1273
1314 513
1314 1468
1314 21
1314 836
1314 139
1314 130
1314 105
1314 607
1314 267
1314 1418
1314 478
1314 771
1314 1244
1314 497
1314 224
1314 795
1314 868
1314 662
1314 1193
1314 17
1314 1061
1314 765
1314 1299
1314 445
1314 506
1314 905
1314 455
1314 860
1314 47
1314 281
1314 632
1314 26
1314 1352
1314 1196
1314 1328
1314 205
1314 630
1314 1367
1314 1279
1314 237
1314 1397
1314 711
1314 352
1314 79
1314 1214
1314 347
1314 288
1314 1221
1314 1180
1314 1283
1314 903
1314 676
1314 1033
1323 1446
1325 956
1328 385
1328 662
1328 1193
1328 1314
1328 100
1328 367
1328 330
1328 711
1328 639
1328 1283
1328 1177
1328 1033
1333 82
1333 696
1333 289
1334 82
1334 513
1334 906
1334 107
1334 1226
1334 657
1334 850
1334 924
1334 957
1334 1196
1334 911
1334 1290
1334 104
1336 363
1336 477
1336 231
1336 1511
1336 289
1336 717
1336 1365
1336 409
1336 955
1336 934
1336 65
1336 959
1336 1047
1336 236
1336 480
1336 586
1337 1405
1337 1110
1337 676
1345 1385
1345 544
1345 664
1345 698
1345 69
1345 169
1345 654
1345 158
1345 1236
1346 1227
1348 82
1348 719
1349 859
1349 982
1349 111
1349 1453
1349 494
1349 662
1349 47
1349 164
1349 676
1352 662
1352 1193
1352 1314
1352 1465
1354 1193
1355 1385
1356 1187
1359 1513
1359 82
1359 766
1359 201
1359 49
1359 1287
1359 1366
1364 82
1364 267
1364 719
1364 657
1364 1196
1364 934
1364 1455
1365 363
1365 1336
1365 484
1365 65
1365 1145
1365 1047
1365 654
1365 796
1365 586
1366 1359
1366 453
1367 21
1367 1314
1371 849
1379 82
1379 455
1379 615
1382 82
1382 1066
1382 1063
1383 1066
1384 1193
1384 1446
1385 544
1385 698
1385 738
1385 276
1385 1441
1385 69
1385 1345
1385 169
1385 654
1385 71
1385 480
1385 1355
1385 158
1389 130
1390 719
1390 1290
1396 82
1396 145
1397 1314
1397 991
1397 455
1397 970
1399 82
1400 665
1400 662
1402 839
1405 1337
1411 224
1411 1023
1411 1249
1411 903
1417 1077
1417 639
1417 1033
1418 694
1418 21
1418 662
1418 1314
1418 957
1418 79
1422 1423
1422 594
1422 418
1422 1140
1422 1283
1423 1428
1423 111
1423 628
1423 94
1423 42
1423 795
1423 1422
1423 1441
1423 1140
1423 1283
1428 723
1428 184
1428 1423
1428 385
1428 405
1428 957
1428 367
1428 651
1428 639
1428 676
1428 1033
1430 289
1430 385
1430 365
1433 82
1433 513
1433 719
1433 1438
1438 82
1438 253
1438 719
1438 657
1438 771
1438 662
1438 1433
1438 1290
1441 1385
1441 821
1441 1423
1441 42
1441 622
1441 1189
1441 956
1443 82
1446 727
1446 558
1446 1384
1446 418
1446 47
1446 1003
1446 1250
1446 1323
1453 1349
1453 798
1453 93
1455 644
1455 82
1455 139
1455 331
1455 1364
1455 1196
1461 478
1461 427
1461 1311
1465 1352
1468 694
1468 738
1468 1248
1468 1125
1468 1314
1468 47
1468 446
1469 460
1469 157
1481 82
1481 1088
1483 859
1485 910
1500 437
1508 156
1510 1240
1511 1336
1513 1359
